0.0
0.0
0.0
0.0
0.0
0.0
0.0
0.0
0.0
0.0
0.0
0.0
0.0
0.0
0.0
0.0
0.0
0.0
0.0
0.0
0.0
0.0
0.0
0.0
0.0
0.0
0.0
0.0
0.0
0.0
0.0
0.0
0.0
0.0
0.0
0.0
0.0
0.0
0.0
0.0
0.0
0.0
0.0
0.0
0.0
0.0
0.0
0.0
0.0
0.0
0.0
0.0
0.0
0.0
0.0
0.0
0.0
0.0
0.0
0.0
0.0
0.0
0.0
0.0
0.0
0.0
0.0
0.0
0.0
0.0
0.0
0.0
0.0
0.0
0.0
0.0
0.0
1
0.0
0.0
0.0
0.0
0.0
0.0
0.0
0.0
0.0
0.0
0.0
0.0
0.0
0.0
0.0
0.0
0.0
1
0.0
0.0
0.0
1
0.0
0.0
0.0
0.0
0.0
0.0
0.0
0.0
0.0
0.0
1
0.0
0.0
0.0
0.0
0.0
0.0
0.0
0.0
0.0
0.0
0.0
0.0
0.0
0.0
0.0
0.0
0.0
0.0
0.0
0.0
0.0
0.0
0.0
0.0
0.0
0.0
0.0
0.0
0.0
0.0
1
0.0
0.0
0.0
1
0.0
0.0
0.0
0.0
0.0
1
0.0
0.0
1
0.0
0.0
0.0
0.0
0.0
0.0
0.0
0.0
0.0
0.0
0.0
0.0
0.0
0.0
0.0
0.0
0.0
0.0
0.0
0.0
0.0
0.0
0.0
0.0
0.0
0.0
0.0
0.0
0.0
0.0
0.0
0.0
0.0
0.0
0.0
0.0
0.0
0.0
0.0
0.0
0.0
0.0
0.0
0.0
0.0
0.0
0.0
0.0
0.0
0.0
0.0
0.0
0.0
0.0
0.0
0.0
0.0
0.0
0.0
0.0
0.0
0.0
0.0
0.0
0.0
0.0
0.0
0.0
0.0
0.0
0.0
0.0
0.0
0.0
0.0
0.0
0.0
0.0
0.0
0.0
0.0
0.0
0.0
0.0
0.0
0.0
0.0
0.0
0.0
0.0
0.0
0.0
0.0
0.0
0.0
0.0
0.0
0.0
0.0
0.0
0.0
0.0
0.0
0.0
0.0
0.0
0.0
0.0
0.0
0.0
0.0
0.0
0.0
0.0
0.0
0.0
0.0
0.0
0.0
0.0
0.0
0.0
0.0
0.0
0.0
0.0
0.0
0.0
0.0
0.0
0.0
0.0
0.0
0.0
0.0
0.0
0.0
0.0
0.0
0.0
0.0
0.0
0.0
0.0
0.0
-8.24512290955
-2.28344726562
-0.469059616327
-0.305272817612
0.374075859785
0.618039608002
0.130763605237
0.0498374514282
-0.433205246925
0.433892041445
-0.0221779756248
0.143699482083
0.4241938591
-0.506605267525
0.313748091459
0.126303389668
0.0681654140353
0.892355322838
1.46535754204
-1.34561896324
2.02645874023
-1.26671743393
0.717290401459
0.331813246012
-0.5076867342
0.908942103386
-0.133836358786
0.133577048779
1.33412587643
0.222281605005
0.358398467302
0.53725707531
2.2233068943
-1.65439510345
-0.572596013546
2.32150363922
2.31540989876
-0.266114234924
-2.1285674572
1.47322833538
-0.554193019867
-5.56397008896
5.59060382843
11.3665075302
14.1757688522
17.4281196594
14.627114296
14.5914058685
11.1667938232
7.98828029633
5.5990281105
5.14165258408
3.96719908714
-0.495673537254
-1.78941845894
-4.4048409462
-1.90163230896
-7.63573646545
-14.3925762177
-15.0091686249
-14.0096874237
11.8343753815
24.3177471161
18.5892524719
6.32018613815
2.71726298332
45.4675636292
70.2379074097
86.537689209
101.971031189
112.44884491
126.992950439
142.448028564
149.875534058
173.121124268
188.729476929
179.995254517
171.463058472
165.769241333
162.473373413
161.328369141
163.630996704
168.898666382
176.766586304
182.538635254
191.398529053
199.424026489
208.608596802
213.402053833
216.950439453
219.770172119
223.274185181
224.136566162
214.795394897
189.200576782
150.675140381
104.954406738
53.8653182983
0.0898958444595
-52.89793396
-100.983360291
-145.475158691
-187.360809326
-222.880615234
-254.548416138
-284.821380615
-292.037445068
-276.165710449
-242.9921875
-196.844207764
-138.616882324
-76.6233215332
-16.6780128479
26.7686367035
51.5259666443
58.4168815613
55.1159896851
48.3631134033
42.24609375
35.8419570923
32.5501289368
30.6818981171
26.438035965
22.5203533173
19.4848613739
16.0128707886
12.0880384445
7.99191474915
1.63795351982
-0.858462095261
-1.28246974945
-0.0278077423573
2.39660668373
3.95635032654
10.5752859116
18.5200653076
29.0758075714
39.9015541077
47.4268188477
62.7746276855
86.459602356
114.627418518
135.101654053
144.78288269
145.870681763
136.275253296
118.524581909
97.3796844482
87.4696655273
86.8129501343
80.8011779785
66.7794494629
49.6556167603
31.1867523193
14.1113815308
6.61647367477
4.44475364685
-3.77262687683
-22.3411483765
-47.518157959
-80.7040023804
-113.983673096
-145.043029785
-167.047012329
-173.68927002
0.0
0.0
0.0
0.0
0.0
0.0
0.0
0.0
0.0
0.0
0.0
0.0
0.0
0.0
0.0
0.0
0.0
0.0
