0.0
0.0
0.0
0.0
0.0
0.0
0.0
0.0
0.0
0.0
0.0
0.0
0.0
0.0
0.0
0.0
0.0
0.0
0.0
0.0
0.0
0.0
0.0
0.0
0.0
0.0
0.0
0.0
0.0
0.0
0.0
0.0
0.0
0.0
0.0
0.0
0.0
0.0
0.0
0.0
0.0
0.0
0.0
0.0
0.0
0.0
0.0
0.0
0.0
0.0
0.0
0.0
0.0
0.0
0.0
0.0
0.0
0.0
0.0
0.0
0.0
0.0
0.0
0.0
0.0
0.0
0.0
0.0
0.0
0.0
0.0
0.0
0.0
0.0
0.0
0.0
0.0
1
0.0
0.0
0.0
0.0
0.0
0.0
0.0
0.0
0.0
0.0
0.0
0.0
0.0
0.0
0.0
0.0
0.0
1
0.0
0.0
0.0
1
0.0
0.0
0.0
0.0
0.0
0.0
0.0
0.0
0.0
0.0
1
0.0
0.0
0.0
0.0
0.0
0.0
0.0
0.0
0.0
0.0
0.0
0.0
0.0
0.0
0.0
0.0
0.0
0.0
0.0
0.0
0.0
0.0
0.0
0.0
0.0
0.0
0.0
0.0
0.0
0.0
1
0.0
0.0
0.0
1
0.0
0.0
0.0
0.0
0.0
1
0.0
0.0
1
0.0
0.0
0.0
0.0
0.0
0.0
0.0
0.0
0.0
0.0
0.0
0.0
0.0
0.0
0.0
0.0
0.0
0.0
0.0
0.0
0.0
0.0
0.0
0.0
0.0
0.0
0.0
0.0
0.0
0.0
0.0
0.0
0.0
0.0
0.0
0.0
0.0
0.0
0.0
0.0
0.0
0.0
0.0
0.0
0.0
0.0
0.0
0.0
0.0
0.0
0.0
0.0
0.0
0.0
0.0
0.0
0.0
0.0
0.0
0.0
0.0
0.0
0.0
0.0
0.0
0.0
0.0
0.0
0.0
0.0
0.0
0.0
0.0
0.0
0.0
0.0
0.0
0.0
0.0
0.0
0.0
0.0
0.0
0.0
0.0
0.0
0.0
0.0
0.0
0.0
0.0
0.0
0.0
0.0
0.0
0.0
0.0
0.0
0.0
0.0
0.0
0.0
0.0
0.0
0.0
0.0
0.0
0.0
0.0
0.0
0.0
0.0
0.0
0.0
0.0
0.0
0.0
0.0
0.0
0.0
0.0
0.0
0.0
0.0
0.0
0.0
0.0
0.0
0.0
0.0
0.0
0.0
0.0
0.0
0.0
0.0
0.0
0.0
0.0
0.0
0.0
0.0
0.0
0.0
0.0
0.945633113384
0.154770031571
0.198091506958
-0.193056121469
-0.297390133142
-0.35386505723
-0.39782962203
-0.364603549242
1.3273140192
1.87249743938
1.53918802738
0.568583786488
-0.134370982647
0.0542329885066
-0.102390155196
-0.464263945818
-0.650801301003
-0.765496194363
0.0630382522941
-0.8781722188
-0.623850405216
-0.605185329914
-1.32508814335
-0.240441992879
-1.1726244688
-0.765138030052
-1.33212661743
-1.12085807323
-1.0081537962
-1.81496226788
-2.06696772575
-3.78453445435
-2.86147689819
-3.43650221825
-1.37739634514
-2.04578900337
-3.57612681389
-0.50598347187
-3.19321298599
-7.04502010345
-6.10870409012
-3.56648921967
-1.54091012478
5.52832841873
10.1883430481
16.0547218323
19.2109870911
19.6017417908
16.9363880157
10.3112039566
5.71460342407
1.79964363575
-1.9575227499
-7.26774930954
-10.7596931458
-11.9021930695
-11.5236701965
-51.5225296021
-75.793762207
-126.424957275
-143.035247803
-146.094833374
-77.3172073364
-17.85181427
50.6490325928
106.695114136
-130.453460693
-112.565437317
-23.643327713
47.5682220459
130.891113281
222.646438599
290.012237549
364.080108643
423.12310791
463.561981201
488.96282959
510.617462158
531.119445801
548.228149414
557.725646973
568.83190918
579.122070312
582.43548584
582.760192871
582.085998535
579.950500488
574.882202148
571.120300293
565.769042969
562.487426758
558.042358398
549.222412109
530.142883301
497.529327393
456.226348877
406.395904541
352.536376953
296.084838867
239.743881226
185.389892578
131.044708252
81.7899627686
36.1041030884
-6.06739711761
-45.0017051697
-84.7253799438
-120.108230591
-149.592483521
-166.313171387
-175.073699951
-174.874328613
-166.816314697
-148.518493652
-121.866279602
-78.3163909912
-22.3876037598
38.4267883301
106.768188477
172.872817993
235.712280273
296.449951172
354.509307861
408.137878418
463.62210083
507.397674561
547.428649902
587.573242188
625.255371094
662.195678711
695.141601562
722.47265625
751.082275391
777.827941895
799.969848633
823.074157715
844.512939453
863.314208984
880.465454102
880.437316895
848.267089844
791.315002441
713.224121094
614.903747559
504.141418457
385.057434082
260.385955811
141.733566284
87.7567138672
40.9298248291
-11.3741531372
-50.9625205994
-78.6204910278
-92.379119873
-91.1812438965
-84.6086959839
-73.4136428833
-56.9321594238
-40.7398910522
-28.6990661621
-21.9357872009
-23.4141693115
-16.3619613647
-7.93626499176
-10.0497179031
0.0
0.0
0.0
0.0
0.0
0.0
0.0
0.0
0.0
0.0
0.0
0.0
0.0
0.0
0.0
0.0
0.0
0.0
