1,-3,0,81,0,131072,0.0,0.0,0.0,-1
1,-3,0,81,0,131072,0.0,0.0,0.0,-1
1,-3,0,81,0,131072,0.0,0.0,0.0,-1
1,-3,0,81,0,131072,0.0,0.0,0.0,-1
1,-3,0,81,0,131072,0.0,0.0,0.0,-1
1,-3,0,81,0,131072,0.0,0.0,0.0,-1
1,-3,0,81,0,131072,0.0,0.0,0.0,-1
1,-3,0,81,0,131072,0.0,0.0,0.0,-1
1,-3,0,81,0,131072,0.0,0.0,0.0,-1
1,-3,0,81,0,131072,0.0,0.0,0.0,-1
1,-3,0,81,0,131072,0.0,0.0,0.0,-1
1,-3,0,81,0,131072,0.0,0.0,0.0,-1
1,-3,0,81,0,131072,0.0,0.0,0.0,-1
1,-3,0,81,0,131072,0.0,0.0,0.0,-1
1,-3,0,81,0,131072,0.0,0.0,0.0,-1
1,-3,0,81,0,131072,0.0,0.0,0.0,-1
1,-3,0,81,0,131072,0.0,0.0,0.0,-1
1,-3,0,81,0,131072,0.0,0.0,0.0,-1
1,-3,0,81,0,131072,0.0,0.0,0.0,-1
1,-3,0,81,0,131072,0.0,0.0,0.0,-1
1,-3,0,81,0,131072,0.0,0.0,0.0,-1
1,-3,0,81,0,131072,0.0,0.0,0.0,-1
1,-3,0,81,0,131072,0.0,0.0,0.0,-1
1,-3,0,81,0,131072,0.0,0.0,0.0,-1
1,-3,0,81,0,131072,0.0,0.0,0.0,-1
0,-3,0,81,0,458752,-0.580740094185,-0.00949249044061,0.0,0
0,-3,0,81,0,458752,-1.76592838764,0.222510680556,0.0,0
0,-3,0,81,0,458752,-3.709451437,0.366602540016,0.0,0
0,-3,0,81,0,458752,-4.66311502457,0.0837978720665,0.0,0
0,-3,0,81,0,458752,-5.8076300621,-0.944155454636,0.0,0
0,-3,0,81,0,458752,-7.72280073166,-0.792999863625,0.0,0
0,-3,0,81,0,458752,-8.12324523926,-0.698149681091,0.0,0
0,-3,0,87,0,458752,-8.77479457855,-0.417599380016,0.0,0
0,-3,0,87,0,458752,-8.45827198029,0.641845107079,0.0,0
0,-3,0,87,0,458752,-6.67605781555,1.24171543121,0.0,0
0,-3,0,87,0,458752,-3.5851624012,2.03906035423,0.0,0
0,-3,0,87,0,458752,0.0109660672024,2.24055886269,0.0,0
0,-3,0,87,0,458752,-0.604823768139,1.33341002464,0.0,0
0,-3,0,87,0,458752,0.0152002610266,0.728427171707,0.0,0
0,-3,0,87,0,458752,4.4714717865,-0.0936790108681,0.0,0
0,-3,0,87,0,458752,7.62373685837,1.83173048496,0.0,0
0,-3,0,87,0,458752,6.71316862106,0.283063292503,0.0,0
0,-3,0,87,0,458752,7.50806283951,-1.54886364937,0.0,0
0,-3,0,87,0,458752,11.6815948486,0.879742205143,0.0,0
0,-3,0,87,0,458752,12.4869241714,1.65629267693,0.0,0
0,-3,0,87,0,458752,13.2088575363,1.17779886723,0.0,0
0,-3,0,87,0,458752,16.9722557068,2.36117553711,0.0,0
0,-3,0,94,0,458752,17.3774833679,1.40743756294,0.0,0
0,-3,0,94,0,458752,19.0133190155,1.04017150402,0.0,0
0,-3,0,94,0,458752,22.3585300446,2.04279637337,0.0,0
0,-3,0,94,0,458752,23.2606143951,2.28306293488,0.0,0
0,-3,0,94,0,458752,25.326423645,3.13832449913,0.0,0
0,-3,0,94,0,458752,28.3182868958,3.01783847809,0.0,0
0,-3,0,94,0,458752,31.219461441,3.4623568058,0.0,0
0,-3,0,94,0,458752,33.2469787598,4.12071752548,0.0,0
0,-3,0,94,0,458752,33.8605041504,3.23376536369,0.0,0
0,-3,0,94,0,458752,32.7187576294,4.1506319046,0.0,0
0,-3,0,94,0,458752,33.6906433105,3.76591086388,0.0,0
0,-3,0,94,0,458752,35.2937202454,2.72674489021,0.0,0
0,-3,0,94,0,458752,34.803188324,4.83213567734,0.0,0
0,-3,0,94,0,458752,32.1732330322,0.21059282124,0.0,0
0,-3,0,94,0,458752,32.2328529358,0.314506500959,0.0,0
0,-3,0,94,0,458752,27.4864292145,7.72516965866,0.0,0
0,-3,0,93,0,458752,28.0065498352,12.1206140518,0.0,0
0,-3,0,93,0,458752,23.4054546356,14.4368314743,0.0,0
0,-3,0,93,0,458752,21.6375350952,15.8879156113,0.0,0
0,-3,0,93,0,458752,18.6171913147,15.4642047882,0.0,0
0,-3,0,93,0,458752,15.0853271484,13.1603298187,0.0,0
0,-3,0,93,0,458752,22.5127105713,2.06290745735,0.0,0
0,-4,0,93,0,458752,31.0508480072,-3.10094833374,0.0,-1
0,-4,0,93,0,458752,39.6149101257,-3.81180119514,0.0,-1
1,-4,0,93,0,458752,48.8068771362,2.04903435707,0.0,-1
1,-4,0,93,0,458752,58.6771316528,7.39318370819,0.0,-2
1,-4,0,93,0,458752,86.2516403198,14.3107128143,0.0,-3
1,-3,0,93,0,458752,132.416854858,28.9993038177,0.0,-3
1,-3,0,93,0,458752,177.803604126,34.7900161743,0.0,-4
1,-3,0,93,0,458752,220.101486206,42.3051757812,0.0,-3
1,-3,0,93,0,458752,249.822463989,47.993396759,0.0,-2
1,-3,0,85,0,458752,261.569702148,56.6762924194,0.0,-1
2,-2,0,85,0,458752,259.935455322,71.7501068115,0.0,-3
3,-1,0,85,0,458752,268.249816895,96.5376052856,0.0,-3
3,0,0,85,0,458752,276.371368408,130.759017944,0.0,-3
1,0,0,85,0,458752,279.952362061,141.337738037,0.0,0
3,1,0,85,0,458752,186.811828613,39.6773376465,0.0,0
5,2,0,85,0,458752,174.8331604,98.3993377686,0.0,0
5,2,0,85,0,458752,153.454498291,152.028152466,0.0,2
4,-44,0,85,254,458753,123.960395813,206.380264282,0.0,2
1,-45,0,85,267,458753,67.0517044067,252.02204895,0.0,2
0,-45,0,85,292,458753,23.4309997559,228.732284546,0.0,2
-2,-46,0,85,307,458753,-69.1543731689,197.897216797,0.0,2
-2,-46,0,85,343,458753,-123.263137817,154.937973022,0.0,3
-1,-47,0,85,379,458753,-165.378448486,152.758071899,0.0,4
0,-47,0,85,425,458753,-211.563964844,146.137664795,0.0,4
0,-47,0,85,489,458753,-246.926086426,136.928955078,0.0,2
0,-48,0,72,540,458753,-278.565551758,35.9896850586,0.0,0
0,-48,0,72,575,458753,-286.820922852,-42.5309104919,0.0,-1
0,-48,0,72,610,458753,-220.636810303,-67.625038147,0.0,-2
0,-48,0,72,630,458753,-163.15411377,-70.8813552856,0.0,-3
0,-49,0,72,645,458753,-104.943275452,-51.9911270142,0.0,-3
0,-49,0,72,661,458753,-42.2487487793,-40.3032722473,0.0,-3
0,-49,0,72,672,458753,-12.9564647675,-30.622882843,0.0,-2
0,-49,0,72,683,458753,3.51749825478,-28.4829673767,0.0,-1
0,-49,0,72,693,458753,21.8559360504,-26.0476570129,0.0,0
0,-50,0,72,696,458753,33.6546478271,-23.4884643555,0.0,0
0,-50,0,72,699,458753,52.6885681152,-25.6355304718,0.0,0
0,-50,0,72,700,458753,58.924369812,-20.7580337524,0.0,0
0,-50,0,72,701,458753,52.2943115234,-15.3853359222,0.0,0
0,-50,0,72,699,458753,49.7484054565,-18.9797000885,0.0,0
0,-50,0,72,698,458753,39.5120010376,-19.9216747284,0.0,0
0,-50,0,61,699,458753,30.5094127655,-12.4703578949,0.0,0
0,-50,0,61,700,458753,21.9281158447,-6.48149204254,0.0,0
0,-50,0,61,701,458753,17.1689834595,-1.29110598564,0.0,0
0,-50,0,61,703,458753,15.1444320679,3.31516456604,0.0,0
0,-50,0,61,702,458753,7.08598899841,5.2867102623,0.0,0
0,-50,0,61,703,458753,3.63600897789,-0.119833394885,0.0,0
0,-50,0,61,704,458753,3.28525996208,-6.24271249771,0.0,0
0,-50,0,61,708,458753,-1.42170679569,-6.09425830841,0.0,0
0,-50,0,61,699,589824,-4.24657821655,-7.144115448,0.0,0
0,-50,0,61,680,589824,18.4382705688,1.59706068039,0.0,0
0,-50,0,61,660,589824,34.8653144836,4.95216751099,0.0,0
0,-50,0,61,621,589824,57.6167755127,-3.79830169678,0.0,0
0,-50,0,61,588,589824,73.0810623169,-6.75982952118,0.0,0
0,-50,0,61,542,589824,84.9012832642,-14.9424571991,0.0,0
0,-50,0,61,501,589824,123.875938416,1.03747844696,0.0,0
0,-50,0,61,455,589824,140.683639526,52.96459198,0.0,0
0,-50,0,55,402,589824,128.432632446,110.644798279,0.0,0
0,-51,0,55,348,589824,71.3826065063,149.193496704,0.0,0
0,-51,0,55,295,589824,86.0205154419,187.355697632,0.0,0
0,-51,0,55,245,589824,140.393478394,155.697631836,0.0,0
1,-50,0,55,213,589824,253.66607666,140.353424072,0.0,0
6,-49,0,55,183,589824,291.636444092,173.186065674,0.0,0
3,-49,0,55,130,589824,288.463897705,236.916412354,0.0,0
0,-48,0,55,77,589824,278.246795654,277.81729126,0.0,1
0,-49,0,55,0,131072,0.0,0.0,0.0,0
0,-49,0,55,0,131072,0.0,0.0,0.0,0
0,-49,0,55,0,131072,0.0,0.0,0.0,0
0,-49,0,55,0,131072,0.0,0.0,0.0,0
0,-49,0,55,0,131072,0.0,0.0,0.0,0
0,-49,0,55,0,131072,0.0,0.0,0.0,0
0,-49,0,55,0,131072,0.0,0.0,0.0,0
0,-49,0,55,0,131072,0.0,0.0,0.0,0
0,-49,0,55,0,131072,0.0,0.0,0.0,0
0,-49,0,55,0,131072,0.0,0.0,0.0,0
0,-49,0,55,0,131072,0.0,0.0,0.0,0
0,-49,0,55,0,131072,0.0,0.0,0.0,0
0,-49,0,55,0,131072,0.0,0.0,0.0,0
1,-49,0,55,0,131072,0.0,0.0,0.0,0
1,-49,0,55,0,131072,0.0,0.0,0.0,0
1,-49,0,55,0,131072,0.0,0.0,0.0,0
1,-49,0,55,0,131072,0.0,0.0,0.0,0
1,-49,0,55,0,131072,0.0,0.0,0.0,0
1,-49,0,55,0,131072,0.0,0.0,0.0,0
1,-49,0,55,0,131072,0.0,0.0,0.0,0
1,-49,0,55,0,131072,0.0,0.0,0.0,0
1,-49,0,55,0,131072,0.0,0.0,0.0,0
1,-49,0,55,0,131072,0.0,0.0,0.0,0
1,-49,0,55,0,131072,0.0,0.0,0.0,0
1,-49,0,55,0,131072,0.0,0.0,0.0,0
1,-49,0,55,0,131072,0.0,0.0,0.0,0
1,-49,0,55,0,131072,0.0,0.0,0.0,0
0,-49,0,55,0,131072,0.0,0.0,0.0,0
0,-49,0,55,0,131072,0.0,0.0,0.0,0
0,-49,0,55,0,131072,0.0,0.0,0.0,0
0,-49,0,55,0,131072,0.0,0.0,0.0,0
0,-49,0,55,0,131072,0.0,0.0,0.0,0
0,-49,0,55,0,131072,0.0,0.0,0.0,0
0,-49,0,55,0,131072,0.0,0.0,0.0,0
0,-49,0,55,0,131072,0.0,0.0,0.0,0
0,-49,0,55,0,131072,0.0,0.0,0.0,0
0,-49,0,55,0,131072,0.0,0.0,0.0,0
0,-49,0,55,0,131072,0.0,0.0,0.0,0
0,-49,0,55,0,131072,0.0,0.0,0.0,0
0,-49,0,55,0,131072,0.0,0.0,0.0,0
0,-49,0,55,0,131072,0.0,0.0,0.0,0
0,-49,0,55,0,131072,0.0,0.0,0.0,0
0,-49,0,55,0,131072,0.0,0.0,0.0,0
0,-49,0,55,0,131072,0.0,0.0,0.0,0
0,-49,0,55,0,131072,0.0,0.0,0.0,0
0,-49,0,55,0,131072,0.0,0.0,0.0,0
0,-49,0,55,0,131072,0.0,0.0,0.0,0
0,-49,0,55,0,131072,0.0,0.0,0.0,0
0,-49,0,55,0,131072,0.0,0.0,0.0,0
0,-49,0,55,0,131072,0.0,0.0,0.0,0
0,-49,0,55,0,131072,0.0,0.0,0.0,0
0,-49,0,55,0,131072,0.0,0.0,0.0,0
0,-49,0,55,0,131072,0.0,0.0,0.0,0
0,-49,0,55,0,131072,0.0,0.0,0.0,0
0,-49,0,55,0,131072,0.0,0.0,0.0,0
0,-49,0,55,0,131072,0.0,0.0,0.0,0
0,-49,0,55,0,131072,0.0,0.0,0.0,0
0,-49,0,55,0,131072,0.0,0.0,0.0,0
0,-49,0,55,0,131072,0.0,0.0,0.0,0
0,-49,0,55,0,131072,0.0,0.0,0.0,0
0,-49,0,55,0,131072,0.0,0.0,0.0,0
0,-49,0,55,0,131072,0.0,0.0,0.0,0
0,-49,0,55,0,131072,0.0,0.0,0.0,0
0,-49,0,55,0,131072,0.0,0.0,0.0,0
0,-49,0,55,0,131072,0.0,0.0,0.0,0
0,-49,0,55,0,131072,0.0,0.0,0.0,0
0,-49,0,55,0,131072,0.0,0.0,0.0,0
0,-49,0,55,0,131072,0.0,0.0,0.0,0
0,-49,0,55,0,131072,0.0,0.0,0.0,0
0,-49,0,55,0,131072,0.0,0.0,0.0,0
0,-49,0,55,0,131072,0.0,0.0,0.0,0
0,-49,0,55,0,131072,0.0,0.0,0.0,0
0,-49,0,55,0,131072,0.0,0.0,0.0,0
0,-49,0,55,0,131072,0.0,0.0,0.0,0
0,-49,0,55,0,131072,0.0,0.0,0.0,0
0,-49,0,55,0,131072,0.0,0.0,0.0,0
0,-49,0,55,0,131072,0.0,0.0,0.0,0
0,-49,0,55,0,131072,0.0,0.0,0.0,0
0,-49,0,55,0,131072,0.0,0.0,0.0,0
0,-49,0,55,0,131072,0.0,0.0,0.0,0
0,-49,0,55,0,131072,0.0,0.0,0.0,0
0,-49,0,55,0,131072,0.0,0.0,0.0,0
0,-49,0,55,0,131072,0.0,0.0,0.0,0
0,-49,0,55,0,131072,0.0,0.0,0.0,0
0,-49,0,55,0,131072,0.0,0.0,0.0,0
0,-49,0,55,0,131072,0.0,0.0,0.0,0
0,-49,0,55,0,131072,0.0,0.0,0.0,0
0,-49,0,55,0,131072,0.0,0.0,0.0,0
0,-49,0,55,0,131072,0.0,0.0,0.0,0
0,-49,0,55,0,131072,0.0,0.0,0.0,0
0,-49,0,55,0,131072,0.0,0.0,0.0,0
0,-49,0,55,0,131072,0.0,0.0,0.0,0
0,-49,0,55,0,131072,0.0,0.0,0.0,0
0,-49,0,55,0,131072,0.0,0.0,0.0,0
0,-49,0,55,0,131072,0.0,0.0,0.0,0
0,-49,0,55,0,131072,0.0,0.0,0.0,0
0,-49,0,55,0,131072,0.0,0.0,0.0,0
0,-49,0,55,0,131072,0.0,0.0,0.0,0
0,-49,0,55,0,131072,0.0,0.0,0.0,0
0,-49,0,55,0,131072,0.0,0.0,0.0,0
0,-49,0,55,0,131072,0.0,0.0,0.0,0
0,-49,0,55,0,131072,0.0,0.0,0.0,0
0,-49,0,55,0,131072,0.0,0.0,0.0,0
0,-49,0,55,0,131072,0.0,0.0,0.0,0
0,-49,0,55,0,131072,0.0,0.0,0.0,0
0,-49,0,55,0,131072,0.0,0.0,0.0,0
0,-49,0,55,0,131072,0.0,0.0,0.0,0
0,-49,0,55,0,131072,0.0,0.0,0.0,0
0,-49,0,55,0,131072,0.0,0.0,0.0,0
0,-49,0,55,0,131072,0.0,0.0,0.0,0
0,-49,0,55,0,131072,0.0,0.0,0.0,0
0,-49,0,55,0,131072,0.0,0.0,0.0,0
0,-49,0,55,0,131072,0.0,0.0,0.0,0
0,-49,0,55,0,131072,0.0,0.0,0.0,0
0,-49,0,55,0,131072,0.0,0.0,0.0,0
0,-49,0,55,0,131072,0.0,0.0,0.0,0
0,-49,0,55,0,131072,0.0,0.0,0.0,0
0,-49,0,55,0,131072,0.0,0.0,0.0,0
0,-49,0,55,0,131072,0.0,0.0,0.0,0
0,-49,0,55,0,131072,0.0,0.0,0.0,0
0,-49,0,55,0,131072,0.0,0.0,0.0,0
0,-49,0,55,0,131072,0.0,0.0,0.0,0
0,-49,0,55,0,131072,0.0,0.0,0.0,0
0,-49,0,55,0,131072,0.0,0.0,0.0,0
0,-49,0,55,0,131072,0.0,0.0,0.0,0
0,-49,0,55,0,131072,0.0,0.0,0.0,0
0,-49,0,55,0,131072,0.0,0.0,0.0,0
0,-49,0,55,0,131072,0.0,0.0,0.0,0
0,-49,0,55,0,131072,0.0,0.0,0.0,0
0,-49,0,55,0,131072,0.0,0.0,0.0,0
0,-49,0,55,0,131072,0.0,0.0,0.0,0
0,-49,0,55,0,131072,0.0,0.0,0.0,0
0,-49,0,55,0,131072,0.0,0.0,0.0,0
0,-49,0,55,0,131072,0.0,0.0,0.0,0
0,-49,0,55,0,131072,0.0,0.0,0.0,0
0,-49,0,55,0,131072,0.0,0.0,0.0,0
0,-49,0,55,0,131072,0.0,0.0,0.0,0
0,-49,0,55,0,131072,0.0,0.0,0.0,0
0,-49,0,55,0,131072,0.0,0.0,0.0,0
0,-49,0,55,0,131072,0.0,0.0,0.0,0
0,-49,0,55,0,131072,0.0,0.0,0.0,0
0,-49,0,55,0,131072,0.0,0.0,0.0,0
0,-49,0,55,0,131072,0.0,0.0,0.0,0
0,-49,0,55,0,131072,0.0,0.0,0.0,0
0,-49,0,55,0,131072,0.0,0.0,0.0,0
0,-49,0,55,0,131072,0.0,0.0,0.0,0
0,-49,0,55,0,131072,0.0,0.0,0.0,0
0,-49,0,55,0,131072,0.0,0.0,0.0,0
0,-49,0,55,0,131072,0.0,0.0,0.0,0
0,-49,0,55,0,131072,0.0,0.0,0.0,0
0,-49,0,55,0,131072,0.0,0.0,0.0,0
0,-49,0,55,0,131072,0.0,0.0,0.0,0
0,-49,0,55,0,131072,0.0,0.0,0.0,0
0,-49,0,55,0,131072,0.0,0.0,0.0,0
0,-49,0,55,0,131072,0.0,0.0,0.0,0
0,-49,0,55,0,131072,0.0,0.0,0.0,0
0,-49,0,55,0,131072,0.0,0.0,0.0,0
0,-49,0,55,0,131072,0.0,0.0,0.0,0
0,-49,0,55,0,131072,0.0,0.0,0.0,0
0,-49,0,55,0,131072,0.0,0.0,0.0,0
0,-49,0,55,0,131072,0.0,0.0,0.0,0
0,-49,0,55,0,131072,0.0,0.0,0.0,0
0,-49,0,55,0,131072,0.0,0.0,0.0,0
0,-49,0,55,0,131072,0.0,0.0,0.0,0
0,-49,0,55,0,131072,0.0,0.0,0.0,0
0,-49,0,55,0,131072,0.0,0.0,0.0,0
0,-50,0,55,0,131072,0.0,0.0,0.0,0
0,-50,0,55,0,131072,0.0,0.0,0.0,0
0,-50,0,55,0,131072,0.0,0.0,0.0,0
0,-50,0,55,0,131072,0.0,0.0,0.0,0
0,-50,0,55,0,131072,0.0,0.0,0.0,0
0,-50,0,55,0,131072,0.0,0.0,0.0,0
0,-50,0,55,0,131072,0.0,0.0,0.0,0
0,-50,0,55,0,131072,0.0,0.0,0.0,0
0,-50,0,55,0,131072,0.0,0.0,0.0,0
0,-50,0,55,0,131072,0.0,0.0,0.0,0
0,-50,0,55,0,131072,0.0,0.0,0.0,0
0,-50,0,55,0,131072,0.0,0.0,0.0,0
0,-50,0,55,0,131072,0.0,0.0,0.0,0
0,-50,0,55,0,131072,0.0,0.0,0.0,0
0,-50,0,55,0,131072,0.0,0.0,0.0,0
0,-50,0,55,0,131072,0.0,0.0,0.0,0
0,-50,0,55,0,131072,0.0,0.0,0.0,0
0,-50,0,55,0,131072,0.0,0.0,0.0,0
0,-50,0,55,0,131072,0.0,0.0,0.0,0
0,-50,0,55,0,131072,0.0,0.0,0.0,0
0,-50,0,55,0,131072,0.0,0.0,0.0,0
0,-50,0,55,0,131072,0.0,0.0,0.0,0
0,-50,0,55,0,131072,0.0,0.0,0.0,0
0,-50,0,55,0,131072,0.0,0.0,0.0,0
0,-50,0,55,0,131072,0.0,0.0,0.0,0
0,-50,0,55,0,131072,0.0,0.0,0.0,0
0,-50,0,55,0,131072,0.0,0.0,0.0,0
0,-50,0,55,0,131072,0.0,0.0,0.0,0
0,-50,0,55,0,131072,0.0,0.0,0.0,0
0,-50,0,55,0,131072,0.0,0.0,0.0,0
0,-51,0,55,0,131072,0.0,0.0,0.0,0
0,-51,0,55,0,131072,0.0,0.0,0.0,0
0,-51,0,55,0,131072,0.0,0.0,0.0,0
0,-51,0,55,0,131072,0.0,0.0,0.0,0
0,-51,0,55,0,131072,0.0,0.0,0.0,0
0,-51,0,55,0,131072,0.0,0.0,0.0,0
0,-51,0,55,0,131072,0.0,0.0,0.0,0
0,-51,0,55,0,131072,0.0,0.0,0.0,0
0,-51,0,55,0,131072,0.0,0.0,0.0,0
0,-51,0,55,0,131072,0.0,0.0,0.0,0
0,-51,0,55,0,131072,0.0,0.0,0.0,0
0,-51,0,55,0,131072,0.0,0.0,0.0,0
0,-51,0,55,0,131072,0.0,0.0,0.0,0
0,-51,0,55,0,131072,0.0,0.0,0.0,0
0,-51,0,55,0,131072,0.0,0.0,0.0,0
0,-51,0,55,0,131072,0.0,0.0,0.0,0
0,-51,0,55,0,131072,0.0,0.0,0.0,0
0,-51,0,55,0,131072,0.0,0.0,0.0,0
0,-51,0,55,0,131072,0.0,0.0,0.0,0
0,-51,0,55,0,131072,0.0,0.0,0.0,0
0,-51,0,55,0,131072,0.0,0.0,0.0,0
0,-51,0,55,0,131072,0.0,0.0,0.0,0
0,-51,0,55,0,131072,0.0,0.0,0.0,0
0,-51,0,55,0,131072,0.0,0.0,0.0,0
0,-51,0,55,0,131072,0.0,0.0,0.0,0
0,-51,0,55,0,131072,0.0,0.0,0.0,0
0,-51,0,55,0,131072,0.0,0.0,0.0,0
0,-51,0,55,0,131072,0.0,0.0,0.0,0
0,-51,0,55,0,131072,0.0,0.0,0.0,0
0,-52,0,55,0,458752,-4.89448261261,0.656083583832,0.0,0
0,-52,0,55,0,458752,-5.66566228867,0.932832300663,0.0,0
0,-52,0,55,0,458752,-6.40931034088,0.86375027895,0.0,0
0,-52,0,55,0,458752,-6.35907411575,0.163961157203,0.0,0
0,-52,0,55,0,458752,-3.86281657219,1.43205666542,0.0,0
0,-52,0,55,0,458752,-0.976285159588,1.36439168453,0.0,0
0,-52,0,55,0,458752,1.35716342926,1.87348568439,0.0,0
0,-52,0,55,0,458752,2.68989181519,2.07997441292,0.0,0
0,-52,0,55,0,458752,3.42945837975,3.22273111343,0.0,0
0,-52,0,55,0,458752,5.54931879044,3.95355892181,0.0,0
0,-52,0,55,0,458752,4.89576721191,5.83581638336,0.0,0
0,-52,0,55,0,131072,0.0,0.0,0.0,0
0,-52,0,55,0,131072,0.0,0.0,0.0,0
0,-52,0,55,0,131072,0.0,0.0,0.0,0
0,-52,0,55,0,131072,0.0,0.0,0.0,0
0,-52,0,55,0,131072,0.0,0.0,0.0,0
0,-52,0,55,0,131072,0.0,0.0,0.0,0
0,-52,0,55,0,131072,0.0,0.0,0.0,0
0,-52,0,55,0,131072,0.0,0.0,0.0,0
0,-52,0,55,0,131072,0.0,0.0,0.0,0
0,-52,0,55,0,131072,0.0,0.0,0.0,0
0,-52,0,55,0,131072,0.0,0.0,0.0,0
0,-52,0,55,0,131072,0.0,0.0,0.0,0
0,-52,0,55,0,131072,0.0,0.0,0.0,0
0,-52,0,55,0,131072,0.0,0.0,0.0,0
0,-52,0,55,0,131072,0.0,0.0,0.0,0
0,-52,0,55,0,131072,0.0,0.0,0.0,0
0,-52,0,55,0,131072,0.0,0.0,0.0,0
0,-52,0,55,0,131072,0.0,0.0,0.0,0
0,-52,0,55,0,131072,0.0,0.0,0.0,0
0,-52,0,55,0,131072,0.0,0.0,0.0,0
0,-52,0,55,0,131072,0.0,0.0,0.0,0
0,-52,0,55,0,131072,0.0,0.0,0.0,0
0,-52,0,55,0,131072,0.0,0.0,0.0,0
0,-52,0,55,0,131072,0.0,0.0,0.0,0
0,-52,0,55,0,131072,0.0,0.0,0.0,0
0,-52,0,55,0,131072,0.0,0.0,0.0,0
0,-52,0,55,0,131072,0.0,0.0,0.0,0
0,-52,0,55,0,131072,0.0,0.0,0.0,0
0,-52,0,55,0,131072,0.0,0.0,0.0,0
0,-52,0,55,0,131072,0.0,0.0,0.0,0
0,-52,0,55,0,131072,0.0,0.0,0.0,0
0,-52,0,55,0,131072,0.0,0.0,0.0,0
0,-52,0,55,0,131072,0.0,0.0,0.0,0
0,-52,0,55,0,131072,0.0,0.0,0.0,0
0,-52,0,55,0,131072,0.0,0.0,0.0,0
0,-52,0,55,0,131072,0.0,0.0,0.0,0
0,-52,0,55,0,131072,0.0,0.0,0.0,0
0,-52,0,55,0,131072,0.0,0.0,0.0,0
0,-52,0,55,0,131072,0.0,0.0,0.0,0
0,-52,0,55,0,131072,0.0,0.0,0.0,0
0,-52,0,55,0,131072,0.0,0.0,0.0,0
0,-52,0,55,0,131072,0.0,0.0,0.0,0
0,-52,0,55,0,131072,0.0,0.0,0.0,0
0,-52,0,55,0,131072,0.0,0.0,0.0,0
0,-52,0,55,0,131072,0.0,0.0,0.0,0
0,-52,0,55,0,131072,0.0,0.0,0.0,0
0,-52,0,55,0,131072,0.0,0.0,0.0,0
0,-52,0,55,0,131072,0.0,0.0,0.0,0
0,-52,0,55,0,131072,0.0,0.0,0.0,0
0,-52,0,55,0,131072,0.0,0.0,0.0,0
0,-52,0,55,0,131072,0.0,0.0,0.0,0
0,-52,0,55,0,131072,0.0,0.0,0.0,0
0,-52,0,55,0,131072,0.0,0.0,0.0,0
0,-52,0,55,0,131072,0.0,0.0,0.0,0
0,-52,0,55,0,131072,0.0,0.0,0.0,0
0,-52,0,55,0,131072,0.0,0.0,0.0,0
0,-52,0,55,0,131072,0.0,0.0,0.0,0
0,-52,0,55,0,131072,0.0,0.0,0.0,0
0,-52,0,55,0,131072,0.0,0.0,0.0,0
0,-52,0,55,0,131072,0.0,0.0,0.0,0
0,-52,0,55,0,131072,0.0,0.0,0.0,0
0,-52,0,55,0,131072,0.0,0.0,0.0,0
0,-52,0,55,0,131072,0.0,0.0,0.0,0
0,-52,0,55,0,131072,0.0,0.0,0.0,0
0,-52,0,55,0,131072,0.0,0.0,0.0,0
0,-52,0,55,0,131072,0.0,0.0,0.0,0
0,-52,0,55,0,131072,0.0,0.0,0.0,0
0,-52,0,55,0,131072,0.0,0.0,0.0,0
0,-52,0,55,0,131072,0.0,0.0,0.0,0
0,-52,0,55,0,131072,0.0,0.0,0.0,0
0,-52,0,55,0,131072,0.0,0.0,0.0,0
0,-52,0,55,0,131072,0.0,0.0,0.0,0
0,-52,0,55,0,131072,0.0,0.0,0.0,0
0,-52,0,55,0,131072,0.0,0.0,0.0,0
0,-52,0,55,0,131072,0.0,0.0,0.0,0
0,-52,0,55,0,131072,0.0,0.0,0.0,0
0,-52,0,55,0,131072,0.0,0.0,0.0,0
0,-52,0,55,0,131072,0.0,0.0,0.0,0
0,-52,0,55,0,131072,0.0,0.0,0.0,0
0,-52,0,55,0,131072,0.0,0.0,0.0,0
0,-52,0,55,0,131072,0.0,0.0,0.0,0
0,-52,0,55,0,131072,0.0,0.0,0.0,0
0,-52,0,55,0,131072,0.0,0.0,0.0,0
0,-52,0,55,0,131072,0.0,0.0,0.0,0
0,-52,0,55,0,131072,0.0,0.0,0.0,0
0,-52,0,55,0,131072,0.0,0.0,0.0,0
0,-52,0,55,0,131072,0.0,0.0,0.0,0
0,-52,0,55,0,131072,0.0,0.0,0.0,0
0,-52,0,55,0,131072,0.0,0.0,0.0,0
0,-52,0,55,0,131072,0.0,0.0,0.0,0
0,-52,0,55,0,131072,0.0,0.0,0.0,0
0,-52,0,55,0,131072,0.0,0.0,0.0,0
0,-52,0,55,0,131072,0.0,0.0,0.0,0
0,-52,0,55,0,131072,0.0,0.0,0.0,0
0,-52,0,55,0,131072,0.0,0.0,0.0,0
0,-52,0,55,0,131072,0.0,0.0,0.0,0
0,-52,0,55,0,131072,0.0,0.0,0.0,0
0,-52,0,55,0,131072,0.0,0.0,0.0,0
0,-52,0,55,0,131072,0.0,0.0,0.0,0
0,-52,0,55,0,131072,0.0,0.0,0.0,0
0,-52,0,55,0,131072,0.0,0.0,0.0,0
0,-52,0,55,0,131072,0.0,0.0,0.0,0
0,-52,0,55,0,131072,0.0,0.0,0.0,0
0,-52,0,55,0,131072,0.0,0.0,0.0,0
0,-52,0,55,0,131072,0.0,0.0,0.0,0
0,-52,0,55,0,131072,0.0,0.0,0.0,0
0,-52,0,55,0,131072,0.0,0.0,0.0,0
0,-52,0,55,0,131072,0.0,0.0,0.0,0
0,-52,0,55,0,131072,0.0,0.0,0.0,0
0,-52,0,55,0,131072,0.0,0.0,0.0,0
0,-52,0,55,0,131072,0.0,0.0,0.0,0
0,-52,0,55,0,131072,0.0,0.0,0.0,0
0,-52,0,55,0,131072,0.0,0.0,0.0,0
0,-52,0,55,0,131072,0.0,0.0,0.0,0
0,-52,0,55,0,131072,0.0,0.0,0.0,0
0,-52,0,55,0,131072,0.0,0.0,0.0,0
0,-52,0,55,0,131072,0.0,0.0,0.0,0
0,-52,0,55,0,131072,0.0,0.0,0.0,0
0,-52,0,55,0,131072,0.0,0.0,0.0,0
0,-52,0,55,0,131072,0.0,0.0,0.0,0
0,-52,0,55,0,131072,0.0,0.0,0.0,0
0,-52,0,55,0,131072,0.0,0.0,0.0,0
0,-52,0,55,0,131072,0.0,0.0,0.0,0
0,-52,0,55,0,131072,0.0,0.0,0.0,0
0,-52,0,55,0,131072,0.0,0.0,0.0,0
0,-52,0,55,0,131072,0.0,0.0,0.0,0
0,-52,0,55,0,131072,0.0,0.0,0.0,0
0,-52,0,55,0,131072,0.0,0.0,0.0,0
0,-52,0,55,0,131072,0.0,0.0,0.0,0
0,-52,0,55,0,131072,0.0,0.0,0.0,0
0,-52,0,55,0,131072,0.0,0.0,0.0,0
0,-52,0,55,0,131072,0.0,0.0,0.0,0
0,-52,0,55,0,131072,0.0,0.0,0.0,0
0,-52,0,55,0,131072,0.0,0.0,0.0,0
0,-52,0,55,0,131072,0.0,0.0,0.0,0
0,-52,0,55,0,131072,0.0,0.0,0.0,0
0,-52,0,55,0,131072,0.0,0.0,0.0,0
0,-52,0,55,0,131072,0.0,0.0,0.0,0
0,-52,0,55,0,131072,0.0,0.0,0.0,0
0,-52,0,55,0,131072,0.0,0.0,0.0,0
0,-52,0,55,0,131072,0.0,0.0,0.0,0
0,-52,0,55,0,131072,0.0,0.0,0.0,0
0,-52,0,55,0,131072,0.0,0.0,0.0,0
0,-52,0,55,0,131072,0.0,0.0,0.0,0
0,-52,0,55,0,131072,0.0,0.0,0.0,0
0,-52,0,55,0,131072,0.0,0.0,0.0,0
0,-52,0,55,0,131072,0.0,0.0,0.0,0
0,-52,0,55,0,131072,0.0,0.0,0.0,0
0,-52,0,55,0,131072,0.0,0.0,0.0,0
0,-52,0,55,0,131072,0.0,0.0,0.0,0
0,-52,0,55,0,131072,0.0,0.0,0.0,0
0,-52,0,55,0,131072,0.0,0.0,0.0,0
0,-52,0,55,0,131072,0.0,0.0,0.0,0
0,-52,0,55,0,131072,0.0,0.0,0.0,0
0,-52,0,55,0,131072,0.0,0.0,0.0,0
0,-52,0,55,0,131072,0.0,0.0,0.0,0
0,-52,0,55,0,131072,0.0,0.0,0.0,0
0,-52,0,55,0,131072,0.0,0.0,0.0,0
0,-52,0,55,0,131072,0.0,0.0,0.0,0
0,-52,0,55,0,131072,0.0,0.0,0.0,0
0,-52,0,55,0,131072,0.0,0.0,0.0,0
0,-52,0,55,0,131072,0.0,0.0,0.0,0
0,-52,0,55,0,131072,0.0,0.0,0.0,0
0,-52,0,55,0,131072,0.0,0.0,0.0,0
0,-52,0,55,0,131072,0.0,0.0,0.0,0
0,-52,0,55,0,131072,0.0,0.0,0.0,0
0,-52,0,55,0,131072,0.0,0.0,0.0,0
0,-52,0,55,0,131072,0.0,0.0,0.0,0
0,-52,0,55,0,131072,0.0,0.0,0.0,0
0,-52,0,55,0,131072,0.0,0.0,0.0,0
0,-52,0,55,0,131072,0.0,0.0,0.0,0
0,-52,0,55,0,131072,0.0,0.0,0.0,0
0,-52,0,55,0,131072,0.0,0.0,0.0,0
0,-52,0,55,0,131072,0.0,0.0,0.0,0
0,-52,0,55,0,131072,0.0,0.0,0.0,0
0,-52,0,55,0,131072,0.0,0.0,0.0,0
0,-52,0,55,0,131072,0.0,0.0,0.0,0
0,-52,0,55,0,131072,0.0,0.0,0.0,0
0,-52,0,55,0,131072,0.0,0.0,0.0,0
0,-52,0,55,0,131072,0.0,0.0,0.0,0
0,-52,0,55,0,131072,0.0,0.0,0.0,0
0,-52,0,55,0,131072,0.0,0.0,0.0,0
0,-52,0,55,0,131072,0.0,0.0,0.0,0
0,-52,0,55,0,131072,0.0,0.0,0.0,0
0,-52,0,55,0,131072,0.0,0.0,0.0,0
0,-52,0,55,0,131072,0.0,0.0,0.0,0
0,-52,0,55,0,131072,0.0,0.0,0.0,0
0,-52,0,55,0,131072,0.0,0.0,0.0,0
0,-53,0,55,0,131072,0.0,0.0,0.0,0
0,-53,0,55,0,131072,0.0,0.0,0.0,0
0,-53,0,55,0,131072,0.0,0.0,0.0,0
0,-53,0,55,0,131072,0.0,0.0,0.0,0
0,-53,0,55,0,131072,0.0,0.0,0.0,0
0,-53,0,55,0,131072,0.0,0.0,0.0,0
0,-53,0,55,0,131072,0.0,0.0,0.0,0
0,-53,0,55,0,131072,0.0,0.0,0.0,0
0,-53,0,55,0,131072,0.0,0.0,0.0,0
0,-53,0,55,0,131072,0.0,0.0,0.0,0
0,-53,0,55,0,131072,0.0,0.0,0.0,0
0,-53,0,55,0,131072,0.0,0.0,0.0,0
0,-53,0,55,0,131072,0.0,0.0,0.0,0
0,-53,0,55,0,131072,0.0,0.0,0.0,0
0,-53,0,55,0,131072,0.0,0.0,0.0,0
0,-53,0,55,0,131072,0.0,0.0,0.0,0
0,-53,0,55,0,131072,0.0,0.0,0.0,0
0,-53,0,55,0,131072,0.0,0.0,0.0,0
0,-53,0,55,0,131072,0.0,0.0,0.0,0
0,-53,0,55,0,131072,0.0,0.0,0.0,0
0,-53,0,55,0,131072,0.0,0.0,0.0,0
0,-53,0,55,0,131072,0.0,0.0,0.0,0
0,-53,0,55,0,131072,0.0,0.0,0.0,0
0,-53,0,55,0,131072,0.0,0.0,0.0,0
0,-53,0,55,0,131072,0.0,0.0,0.0,0
0,-53,0,55,0,131072,0.0,0.0,0.0,0
0,-53,0,55,0,131072,0.0,0.0,0.0,0
0,-53,0,55,0,131072,0.0,0.0,0.0,0
0,-53,0,55,0,131072,0.0,0.0,0.0,0
0,-53,0,55,0,131072,0.0,0.0,0.0,0
0,-53,0,55,0,131072,0.0,0.0,0.0,0
0,-53,0,55,0,131072,0.0,0.0,0.0,0
0,-53,0,55,0,131072,0.0,0.0,0.0,0
0,-53,0,55,0,131072,0.0,0.0,0.0,0
0,-53,0,55,0,131072,0.0,0.0,0.0,0
0,-53,0,55,0,131072,0.0,0.0,0.0,0
0,-53,0,55,0,131072,0.0,0.0,0.0,0
0,-53,0,55,0,131072,0.0,0.0,0.0,0
0,-53,0,55,0,131072,0.0,0.0,0.0,0
0,-53,0,55,0,131072,0.0,0.0,0.0,0
0,-53,0,55,0,131072,0.0,0.0,0.0,0
0,-53,0,55,0,131072,0.0,0.0,0.0,0
0,-53,0,55,0,131072,0.0,0.0,0.0,0
0,-53,0,55,0,131072,0.0,0.0,0.0,0
0,-53,0,55,0,131072,0.0,0.0,0.0,0
0,-53,0,55,0,131072,0.0,0.0,0.0,0
0,-53,0,55,0,131072,0.0,0.0,0.0,0
0,-53,0,55,0,131072,0.0,0.0,0.0,0
0,-53,0,55,0,131072,0.0,0.0,0.0,0
0,-53,0,55,0,131072,0.0,0.0,0.0,0
0,-53,0,55,0,131072,0.0,0.0,0.0,0
0,-53,0,55,0,131072,0.0,0.0,0.0,0
0,-53,0,55,0,131072,0.0,0.0,0.0,0
0,-53,0,55,0,131072,0.0,0.0,0.0,0
0,-53,0,55,0,131072,0.0,0.0,0.0,0
0,-53,0,55,0,131072,0.0,0.0,0.0,0
0,-53,0,55,0,131072,0.0,0.0,0.0,0
0,-53,0,55,0,131072,0.0,0.0,0.0,0
0,-53,0,55,0,131072,0.0,0.0,0.0,0
0,-53,0,55,0,131072,0.0,0.0,0.0,0
0,-53,0,55,0,131072,0.0,0.0,0.0,0
0,-53,0,55,0,131072,0.0,0.0,0.0,0
0,-53,0,55,0,131072,0.0,0.0,0.0,0
0,-53,0,55,0,131072,0.0,0.0,0.0,0
0,-53,0,55,0,131072,0.0,0.0,0.0,0
0,-53,0,55,0,131072,0.0,0.0,0.0,0
0,-53,0,55,0,131072,0.0,0.0,0.0,0
0,-53,0,55,0,131072,0.0,0.0,0.0,0
0,-53,0,55,0,131072,0.0,0.0,0.0,0
0,-53,0,55,0,131072,0.0,0.0,0.0,0
0,-53,0,55,0,131072,0.0,0.0,0.0,0
0,-53,0,55,0,131072,0.0,0.0,0.0,0
0,-53,0,55,0,131072,0.0,0.0,0.0,0
0,-53,0,55,0,131072,0.0,0.0,0.0,0
0,-53,0,55,0,131072,0.0,0.0,0.0,0
0,-53,0,55,0,131072,0.0,0.0,0.0,0
0,-53,0,55,0,131072,0.0,0.0,0.0,0
0,-53,0,55,0,131072,0.0,0.0,0.0,0
0,-53,0,55,0,131072,0.0,0.0,0.0,0
0,-53,0,55,0,131072,0.0,0.0,0.0,0
0,-53,0,55,0,131072,0.0,0.0,0.0,0
0,-53,0,55,0,131072,0.0,0.0,0.0,0
0,-53,0,55,0,131072,0.0,0.0,0.0,0
0,-53,0,55,0,131072,0.0,0.0,0.0,0
0,-53,0,55,0,131072,0.0,0.0,0.0,0
0,-53,0,55,0,131072,0.0,0.0,0.0,0
0,-53,0,55,0,131072,0.0,0.0,0.0,0
0,-53,0,55,0,131072,0.0,0.0,0.0,0
0,-53,0,55,0,131072,0.0,0.0,0.0,0
0,-53,0,55,0,131072,0.0,0.0,0.0,0
0,-53,0,55,0,131072,0.0,0.0,0.0,0
0,-53,0,55,0,131072,0.0,0.0,0.0,0
0,-53,0,55,0,131072,0.0,0.0,0.0,0
0,-53,0,55,0,131072,0.0,0.0,0.0,0
0,-53,0,55,0,131072,0.0,0.0,0.0,0
0,-52,0,55,0,458752,-0.909247934818,2.652780056,0.0,0
0,-52,0,55,0,458752,-0.987515509129,2.74718570709,0.0,0
0,-52,0,55,0,458752,-1.49483335018,1.84212625027,0.0,0
0,-52,0,55,0,458752,-1.9169485569,2.35518908501,0.0,0
0,-52,0,55,0,458752,1.47405552864,2.34848308563,0.0,0
0,-52,0,55,0,458752,6.53107309341,1.57561957836,0.0,0
0,-52,0,55,0,458752,8.68479919434,2.88754653931,0.0,0
0,-52,0,55,0,458752,9.24639892578,3.2578291893,0.0,0
0,-52,0,55,0,458752,10.619550705,3.28933262825,0.0,0
0,-52,0,55,0,458752,10.2806072235,3.19344162941,0.0,0
0,-52,0,55,0,458752,10.5372610092,4.21718931198,0.0,0
0,-52,0,55,0,458752,10.731921196,5.07162284851,0.0,0
0,-52,0,55,0,458752,11.7452907562,5.13145542145,0.0,0
0,-52,0,55,0,458752,12.3873577118,5.91900157928,0.0,0
0,-52,0,55,0,458752,12.7876758575,7.03418636322,0.0,0
0,-52,0,55,0,458752,11.8970117569,5.73707675934,0.0,0
0,-52,0,55,0,458752,13.0105171204,6.22749614716,0.0,0
0,-52,0,55,0,458752,13.4393768311,7.98613023758,0.0,0
0,-52,0,55,0,458752,12.798122406,7.97453355789,0.0,0
0,-52,0,55,0,458752,12.3110399246,11.1951217651,0.0,0
0,-52,0,55,0,458752,11.6654491425,9.35580444336,0.0,0
0,-52,0,55,0,458752,9.16273021698,10.8098697662,0.0,0
0,-52,0,55,0,458752,7.31859779358,11.5777435303,0.0,0
0,-52,0,55,0,458752,6.72851228714,11.8678255081,0.0,0
0,-52,0,55,0,458752,4.28141832352,10.7855567932,0.0,0
0,-52,0,55,0,458752,0.174304917455,13.1527147293,0.0,0
0,-52,0,55,0,458752,-0.179847463965,13.5513801575,0.0,0
0,-52,0,55,0,458752,-3.14291095734,14.6546630859,0.0,0
0,-52,0,55,0,458752,-5.1370973587,14.5922813416,0.0,0
0,-52,0,55,0,458752,-8.17814731598,13.2905015945,0.0,0
0,-52,0,55,0,458752,-10.8083724976,14.4220876694,0.0,0
0,-52,0,55,0,458752,-13.5563097,13.8101396561,0.0,0
0,-52,0,55,0,458752,-15.634604454,13.6116781235,0.0,0
0,-53,0,55,0,458752,-18.2344398499,16.0063877106,0.0,0
0,-53,0,55,0,458752,-23.0347213745,14.1590204239,0.0,0
0,-53,0,55,0,458752,-26.935382843,14.7376728058,0.0,0
0,-53,0,55,0,458752,-30.6419391632,11.4083099365,0.0,0
0,-53,0,55,0,458752,-31.4025325775,9.5027217865,0.0,0
0,-53,0,55,0,458752,-27.8008575439,11.1718826294,0.0,0
0,-53,0,55,0,458752,-16.5996952057,21.420589447,0.0,-1
1,-52,0,55,0,458752,-3.58458733559,34.6720466614,0.0,-1
1,-53,0,55,0,458752,11.5721979141,45.5999641418,0.0,-2
2,-53,0,53,0,458752,28.4101982117,67.3366546631,0.0,-2
2,-52,0,53,0,458752,57.158618927,96.8421783447,0.0,-2
2,-52,0,53,0,458752,92.8186340332,115.937171936,0.0,-2
1,-52,0,53,0,458752,125.187858582,132.522827148,0.0,-2
1,-52,0,53,0,458752,151.921600342,145.68572998,0.0,-1
1,-52,0,53,0,458752,166.396469116,155.290039062,0.0,0
1,-52,0,53,0,458752,169.68927002,161.146469116,0.0,0
1,-52,0,53,0,458752,165.013366699,170.395248413,0.0,0
1,-52,0,53,0,458752,152.901412964,175.737823486,0.0,1
1,-52,0,53,0,458752,136.770568848,186.660583496,0.0,1
2,-52,0,53,0,458752,23.5782775879,59.7192726135,0.0,1
3,-52,0,53,0,458752,-26.1362018585,28.1399707794,0.0,0
3,-52,0,53,0,458752,-14.3274183273,69.0323562622,0.0,0
2,-52,0,53,0,458752,-11.6062726974,73.8136520386,0.0,0
1,-39,0,53,252,458753,-39.8862304688,16.2361526489,0.0,0
0,-40,0,53,262,458753,-93.3230438232,-85.5449829102,0.0,0
0,-40,0,47,284,458753,-219.716537476,1.08813238144,0.0,0
-1,-41,0,47,319,458753,-256.958984375,8.70020294189,0.0,0
-2,-41,0,47,354,458753,-199.624420166,-8.31783294678,0.0,0
-2,-41,0,47,393,458753,-115.181350708,-17.4325065613,0.0,0
-1,-41,0,47,449,458753,-74.4848327637,-42.5782661438,0.0,0
0,-41,0,47,494,458753,-93.0442810059,-61.6966400146,0.0,1
0,-41,0,47,538,458753,-90.2219619751,-62.6966056824,0.0,1
1,-40,0,47,585,458753,-47.1894378662,-95.7004241943,0.0,0
2,-40,0,47,607,458753,-6.18515872955,-116.0129776,0.0,0
2,-40,0,47,633,458753,11.0587453842,-87.4102783203,0.0,0
3,-40,0,47,656,458753,25.7558631897,-45.1565055847,0.0,0
3,-39,0,47,666,458753,38.8882408142,-18.0082130432,0.0,0
2,-39,0,47,673,458753,37.3900222778,4.38981771469,0.0,1
2,-39,0,47,672,458753,34.3529853821,16.5974369049,0.0,1
1,-39,0,47,673,458753,28.0286464691,34.920463562,0.0,1
1,-39,0,40,673,458753,17.9035282135,45.1047897339,0.0,1
1,-39,0,40,675,458753,10.6192102432,56.8334350586,0.0,1
0,-39,0,40,679,458753,-1.45539867878,66.0779266357,0.0,1
0,-39,0,40,683,458753,-0.390511155128,72.9414978027,0.0,0
0,-39,0,40,683,458753,-3.64727950096,75.1082382202,0.0,0
0,-39,0,40,684,458753,-9.07793617249,80.6683425903,0.0,0
0,-39,0,40,682,458753,3.0284986496,78.0332946777,0.0,0
0,-39,0,40,681,458753,8.31475353241,74.3320465088,0.0,0
0,-39,0,40,684,458753,10.384929657,70.2196044922,0.0,0
0,-39,0,40,689,458753,10.3761920929,64.735458374,0.0,0
0,-39,0,40,692,458753,7.93227958679,62.0400695801,0.0,0
0,-39,0,40,693,458753,0.0952797532082,62.0777015686,0.0,0
0,-39,0,40,695,458753,9.30263805389,54.59608078,0.0,0
0,-39,0,40,699,458753,-3.43355464935,54.0055923462,0.0,0
0,-39,0,40,700,458753,-4.78127002716,47.3106918335,0.0,0
0,-39,0,40,701,458753,3.89612340927,38.5302772522,0.0,0
0,-39,0,37,703,458753,-0.208459168673,38.4949951172,0.0,0
0,-39,0,37,702,458753,-2.85896992683,36.7912216187,0.0,0
0,-39,0,37,702,458753,-10.9035930634,32.2255630493,0.0,0
0,-39,0,37,700,458753,-12.0186042786,29.1978759766,0.0,0
0,-39,0,37,698,458753,-8.16038322449,25.1045475006,0.0,0
0,-39,0,37,699,458753,-5.32882547379,23.0646743774,0.0,0
0,-39,0,37,701,458753,-2.37775421143,24.7633533478,0.0,0
0,-39,0,37,700,458753,-3.37723088264,18.4050693512,0.0,0
0,-39,0,37,701,458753,-12.1848745346,11.4851922989,0.0,0
0,-39,0,37,701,458753,-16.2685585022,5.01025867462,0.0,0
0,-39,0,37,700,458753,-11.6342792511,6.02250051498,0.0,0
0,-39,0,37,699,458753,-25.7376346588,-0.68740940094,0.0,0
0,-39,0,37,699,458753,-10.0216941833,-0.271403700113,0.0,0
0,-39,0,37,699,262144,0.247979432344,-3.81910943985,0.0,0
0,-39,0,37,696,262144,0.00815142691135,0.852510690689,0.0,0
0,-39,0,34,694,262144,-9.38416099548,5.73062419891,0.0,0
0,-39,0,34,691,262144,-5.93759632111,7.30639648438,0.0,0
0,-39,0,34,687,262144,-6.56729602814,2.79576683044,0.0,0
0,-39,0,34,684,262144,-8.470703125,-3.33036208153,0.0,0
0,-39,0,34,681,262144,0.382671892643,-7.10957813263,0.0,0
0,-39,0,34,676,262144,3.36683130264,-1.70567345619,0.0,0
0,-39,0,34,670,262144,4.9643368721,-7.186003685,0.0,0
0,-39,0,34,662,262144,4.43583583832,-3.11654686928,0.0,0
0,-39,0,34,657,262144,12.6537570953,-6.33820819855,0.0,0
0,-39,0,34,653,262144,17.1429481506,-2.91319823265,0.0,0
0,-39,0,34,650,262144,13.1699047089,-1.25977635384,0.0,0
0,-39,0,34,649,262144,8.37678050995,-4.52109909058,0.0,0
0,-39,0,34,647,262144,9.52839946747,0.100288301706,0.0,0
0,-39,0,34,646,262144,13.2921485901,0.457286655903,0.0,0
0,-39,0,34,647,262144,17.5149173737,-3.77511072159,0.0,0
0,-38,0,34,646,262144,19.686466217,-9.22428226471,0.0,0
0,-38,0,30,647,262144,21.9440174103,-23.2368812561,0.0,0
0,-38,0,30,651,262144,40.2150192261,-33.2081680298,0.0,0
0,-38,0,30,647,262144,56.908946991,-37.508644104,0.0,0
0,-38,0,30,650,262144,39.3999862671,-33.5830535889,0.0,0
0,-38,0,30,647,262144,32.2533798218,-42.6117935181,0.0,0
0,-38,0,30,651,262144,41.4909324646,-38.3018722534,0.0,0
0,-38,0,30,656,262144,41.4576263428,-37.0547180176,0.0,0
0,-38,0,30,657,262144,35.761390686,-34.8497123718,0.0,0
0,-38,0,30,657,262144,35.0618896484,-32.7569046021,0.0,0
0,-38,0,30,661,262144,27.6857318878,-34.5776290894,0.0,0
0,-38,0,30,665,262144,31.9166603088,-33.5372848511,0.0,0
0,-38,0,30,668,262144,33.4830665588,-37.2081069946,0.0,0
0,-38,0,30,673,262144,28.0181102753,-36.7560005188,0.0,0
0,-38,0,30,676,262144,29.5800037384,-35.6103363037,0.0,0
0,-38,0,27,681,262144,35.4110031128,-34.2707633972,0.0,0
0,-38,0,27,686,262144,43.7562866211,-36.8880996704,0.0,0
0,-38,0,27,688,262144,52.3601570129,-27.4998893738,0.0,0
0,-39,0,27,693,262144,54.9282341003,-21.8696746826,0.0,0
0,-39,0,27,698,262144,63.0500144958,-12.2724533081,0.0,0
0,-39,0,27,701,262144,62.5749206543,-1.40348005295,0.0,0
0,-39,0,27,702,262144,50.0715484619,4.42554855347,0.0,0
0,-39,0,27,705,262144,37.0325431824,-0.466162800789,0.0,0
0,-39,0,27,710,262144,33.3993263245,-1.62226605415,0.0,0
0,-39,0,27,713,262144,37.3067398071,-7.71711158752,0.0,0
0,-39,0,27,715,262144,33.2216453552,-14.8278360367,0.0,0
0,-39,0,27,719,262144,28.6479988098,-13.4100751877,0.0,0
0,-39,0,27,722,262144,19.0209026337,-11.2439861298,0.0,0
0,-39,0,27,729,262144,15.4531860352,-7.96477794647,0.0,0
0,-39,0,27,735,262144,24.7921791077,-8.81759643555,0.0,0
0,-39,0,27,735,262144,22.1559906006,-4.45781135559,0.0,0
0,-39,0,25,733,262144,13.4827604294,2.22605800629,0.0,0
0,-39,0,25,733,262144,8.71582317352,3.4937171936,0.0,0
0,-39,0,25,734,262144,4.16312122345,5.06263017654,0.0,0
0,-39,0,25,736,262144,4.11206007004,0.40868088603,0.0,0
0,-39,0,25,742,262144,6.8629565239,-0.221397668123,0.0,0
0,-39,0,25,742,262144,16.1135597229,-1.43618273735,0.0,0
0,-39,0,25,745,262144,15.6544914246,-1.70607316494,0.0,0
0,-39,0,25,746,262144,12.4075021744,-10.1155414581,0.0,0
0,-39,0,25,752,262144,15.1741352081,-10.8256864548,0.0,0
0,-39,0,25,756,262144,13.0582971573,-11.2579679489,0.0,0
0,-39,0,25,758,262144,22.5571708679,-13.5086021423,0.0,0
0,-39,0,25,758,262144,21.4430141449,-16.2940101624,0.0,0
0,-39,0,25,757,262144,26.1070079803,-21.9555358887,0.0,0
0,-39,0,25,752,262144,30.6459884644,-29.3648204803,0.0,0
0,-39,0,25,748,262144,30.3103294373,-34.7978897095,0.0,0
0,-39,0,24,744,262144,23.42811203,-37.6192131042,0.0,0
0,-39,0,24,744,262144,14.7025699615,-39.0049972534,0.0,0
0,-39,0,24,745,262144,4.44134616852,-41.3887939453,0.0,0
0,-39,0,24,747,262144,15.5225839615,-40.4491958618,0.0,0
0,-39,0,24,749,262144,19.0074481964,-39.1225090027,0.0,0
0,-39,0,24,751,262144,14.6760234833,-35.4325485229,0.0,0
0,-39,0,24,747,262144,8.18759632111,-31.1271514893,0.0,0
0,-39,0,24,740,262144,6.32095718384,-27.8543663025,0.0,0
1,-39,0,24,733,262144,-2.56100749969,-20.6183834076,0.0,1
1,-39,0,24,727,262144,-16.5926437378,-13.8064165115,0.0,1
2,-39,0,24,729,262144,-34.396774292,10.4539995193,0.0,1
2,-39,0,24,730,262144,-61.2363891602,21.0360965729,0.0,1
1,-39,0,24,738,262144,-86.7864608765,34.135887146,0.0,0
1,-39,0,24,742,262144,-85.2021713257,38.4799957275,0.0,0
0,-39,0,24,743,262144,-89.0806655884,48.4927635193,0.0,0
0,-39,0,23,745,262144,-82.3938903809,54.4165000916,0.0,0
0,-39,0,23,749,262144,-68.202255249,56.6645050049,0.0,-1
0,-39,0,23,752,262144,-60.7821617126,58.2327461243,0.0,-1
0,-39,0,23,752,262144,-43.3979530334,59.9149513245,0.0,-1
0,-39,0,23,751,262144,-29.3679275513,60.922668457,0.0,-1
0,-39,0,23,752,262144,-15.3422851562,55.7068977356,0.0,-1
0,-39,0,23,752,262144,-0.236809015274,48.522819519,0.0,0
0,-39,0,23,757,262144,17.9967308044,38.778137207,0.0,0
0,-39,0,23,761,262144,14.3232250214,36.8328933716,0.0,0
0,-39,0,23,764,262144,6.71448135376,21.7948627472,0.0,0
0,-39,0,23,765,262144,6.27938365936,7.46407032013,0.0,0
0,-39,0,23,765,262144,2.17701220512,-7.33026885986,0.0,0
0,-39,0,23,764,262144,0.250578343868,-18.9728927612,0.0,0
0,-39,0,23,765,262144,-1.85410857201,-26.6217250824,0.0,0
0,-39,0,23,764,262144,-0.023725271225,-35.8850402832,0.0,0
0,-39,0,23,767,262144,-3.13670277596,-42.8678207397,0.0,0
0,-39,0,22,770,262144,-1.5913541317,-46.0516738892,0.0,0
0,-39,0,22,771,262144,1.82908153534,-58.5791244507,0.0,0
0,-39,0,22,774,262144,16.3237018585,-73.2360839844,0.0,0
0,-39,0,22,774,262144,12.769244194,-71.8659667969,0.0,0
0,-39,0,22,771,262144,23.4612922668,-78.7359008789,0.0,0
0,-39,0,22,767,262144,32.0423316956,-76.4512786865,0.0,0
0,-39,0,22,765,262144,25.4649543762,-70.2053375244,0.0,0
0,-39,0,22,762,262144,8.79044723511,-56.5312538147,0.0,0
0,-39,0,22,758,262144,5.61024284363,-53.0711288452,0.0,0
0,-39,0,22,753,262144,13.6788778305,-52.1806564331,0.0,0
0,-39,0,22,752,262144,11.4014825821,-44.9460449219,0.0,0
0,-39,0,22,749,262144,16.5576725006,-40.3171386719,0.0,0
1,-39,0,22,752,262144,26.5628185272,-36.6097106934,0.0,0
1,-39,0,22,743,262144,38.6821098328,-23.5883636475,0.0,0
1,-39,0,22,736,262144,44.9276390076,-16.8872528076,0.0,0
1,-39,0,21,731,262144,53.0852470398,-7.3929977417,0.0,0
1,-39,0,21,728,262144,52.2406616211,2.86983633041,0.0,0
1,-39,0,21,725,262144,48.3662490845,15.6317501068,0.0,0
0,-39,0,21,721,262144,41.0206184387,21.1416339874,0.0,0
0,-39,0,21,717,262144,33.9942550659,17.4709033966,0.0,0
0,-39,0,21,714,262144,24.681224823,12.5971603394,0.0,0
0,-39,0,21,710,262144,19.6620368958,4.16168498993,0.0,0
0,-39,0,21,708,262144,22.4883975983,6.0866522789,0.0,0
0,-39,0,21,705,262144,19.3767166138,5.92341804504,0.0,0
0,-39,0,21,702,262144,21.0222206116,6.69168615341,0.0,0
0,-39,0,21,703,262144,16.0737800598,9.91915416718,0.0,0
0,-39,0,21,701,262144,21.6488456726,13.674164772,0.0,0
0,-39,0,21,699,262144,19.1670684814,7.47031593323,0.0,0
0,-39,0,21,701,262144,20.5615615845,5.6548614502,0.0,0
0,-39,0,21,701,262144,25.9541339874,-2.97795748711,0.0,0
0,-39,0,21,703,262144,27.8070106506,-9.15882301331,0.0,0
0,-39,0,18,703,262144,26.4834156036,-16.6196937561,0.0,0
0,-39,0,18,699,262144,30.7504081726,-18.1690158844,0.0,0
0,-39,0,18,699,262144,30.186542511,-18.4045677185,0.0,0
0,-39,0,18,702,262144,24.5214138031,-18.6712875366,0.0,0
0,-39,0,18,697,262144,17.7775821686,-25.8295612335,0.0,0
0,-39,0,18,697,262144,13.2392673492,-33.8929290771,0.0,0
0,-39,0,18,696,262144,8.49394702911,-37.4647674561,0.0,0
0,-39,0,18,695,262144,2.72741317749,-42.951675415,0.0,0
0,-39,0,18,699,262144,-1.83463728428,-38.529006958,0.0,0
0,-39,0,18,693,262144,-12.4719705582,-41.7177619934,0.0,0
0,-39,0,18,694,262144,-14.1522350311,-46.2122154236,0.0,0
1,-39,0,18,691,262144,-19.9049797058,-36.0128211975,0.0,0
1,-40,0,18,691,262144,-21.2187538147,-24.4302711487,0.0,0
1,-40,0,18,694,262144,-28.4161682129,-10.1689624786,0.0,0
1,-40,0,18,694,262144,-25.2113742828,-4.77480268478,0.0,0
1,-40,0,17,698,262144,-24.5715141296,-0.588176965714,0.0,0
1,-40,0,17,700,262144,-25.3688926697,12.3601665497,0.0,0
1,-40,0,17,703,262144,-23.2746067047,21.5308685303,0.0,0
1,-40,0,17,708,262144,-21.8673610687,33.8636169434,0.0,0
1,-40,0,17,711,262144,-18.3572826385,41.7709312439,0.0,0
0,-40,0,17,716,262144,-18.8571968079,47.9936218262,0.0,0
0,-40,0,17,722,262144,-12.8625078201,53.831905365,0.0,-1
0,-40,0,17,724,262144,-5.56781053543,55.5451927185,0.0,-1
0,-40,0,17,730,262144,7.04105949402,59.2389526367,0.0,0
0,-40,0,17,733,262144,12.4332523346,63.2002258301,0.0,0
0,-40,0,17,736,262144,6.73827600479,66.9650344849,0.0,0
0,-40,0,17,740,262144,2.88090491295,60.6761779785,0.0,0
0,-40,0,17,743,262144,1.59416365623,51.0487556458,0.0,0
0,-40,0,17,747,262144,-6.12468910217,51.0011863708,0.0,1
0,-39,0,17,749,262144,-19.3714103699,41.5104789734,0.0,1
0,-39,0,17,753,262144,-32.5673942566,38.5008468628,0.0,1
0,-39,0,16,759,262144,-40.7043457031,36.0851554871,0.0,1
0,-39,0,16,764,262144,-57.6331977844,33.9115753174,0.0,1
0,-39,0,16,764,262144,-64.3605117798,27.7697238922,0.0,0
0,-39,0,16,766,262144,-67.1843109131,23.6312503815,0.0,0
0,-39,0,16,771,262144,-65.8076019287,21.6323337555,0.0,0
0,-39,0,16,773,262144,-64.1182250977,21.5657138824,0.0,0
0,-39,0,16,775,262144,-58.8889541626,21.338514328,0.0,0
0,-39,0,16,777,262144,-56.576839447,26.7637042999,0.0,0
0,-39,0,16,781,262144,-55.8944549561,36.3375205994,0.0,0
0,-39,0,16,784,262144,-49.3140144348,49.0680923462,0.0,0
0,-39,0,16,788,262144,-47.8903617859,57.6548957825,0.0,0
0,-39,0,16,790,262144,-56.0770454407,68.830657959,0.0,0
0,-39,0,16,796,262144,-61.7152366638,64.586769104,0.0,0
-1,-39,0,16,799,262144,-62.2113037109,47.265171051,0.0,0
-1,-39,0,16,801,262144,-62.4695129395,23.6271209717,0.0,0
-1,-39,0,16,802,262144,-55.5608520508,-0.0701088905334,0.0,0
0,-39,0,16,803,262144,-59.533782959,-15.0491228104,0.0,0
0,-39,0,16,804,262144,-43.0519523621,-18.1630153656,0.0,0
0,-39,0,16,804,262144,-22.6679077148,3.01356315613,0.0,0
0,-39,0,16,804,262144,-16.437620163,23.5200634003,0.0,0
0,-39,0,16,808,262144,-27.7333908081,22.8835868835,0.0,0
0,-39,0,16,808,262144,-24.5123920441,18.4134483337,0.0,0
0,-39,0,16,805,262144,-13.5759983063,21.8003883362,0.0,-1
0,-39,0,16,808,262144,9.07045269012,22.397190094,0.0,-1
0,-39,0,16,804,262144,27.5334453583,-11.4550323486,0.0,-1
0,-39,0,16,801,262144,44.3514976501,-46.2959213257,0.0,0
0,-39,0,16,802,262144,47.0542526245,-20.7205657959,0.0,0
-1,-39,0,16,799,262144,48.2962112427,11.7210836411,0.0,0
-1,-39,0,16,794,262144,12.8914079666,-30.5507144928,0.0,0
-1,-38,0,16,796,262144,2.98950481415,-9.38468551636,0.0,-1
-1,-38,0,16,794,262144,29.8829441071,0.0524461269379,0.0,-1
0,-38,0,16,795,262144,46.8208961487,21.066619873,0.0,-1
0,-39,0,16,789,262144,55.6539573669,41.7063026428,0.0,-2
0,-39,0,16,785,262144,24.708782196,64.6081390381,0.0,-2
0,-39,0,16,780,262144,27.2939682007,35.3848609924,0.0,-2
0,-38,0,16,776,262144,21.8751430511,6.19976234436,0.0,-2
0,-37,0,16,771,262144,22.316570282,-4.03606939316,0.0,-2
0,-37,0,16,772,262144,18.0703010559,1.70700454712,0.0,-2
0,-37,0,16,769,262144,-4.88407421112,-0.474437177181,0.0,-2
0,-37,0,16,773,262144,-17.8258037567,12.2367095947,0.0,-1
0,-37,0,16,774,262144,-14.7777795792,14.5382604599,0.0,-1
0,-37,0,16,778,262144,-8.36591529846,16.5516834259,0.0,0
0,-36,0,16,783,262144,-3.49101138115,12.8764743805,0.0,0
0,-36,0,16,785,262144,1.92731761932,8.82898521423,0.0,0
0,-36,0,16,787,262144,16.1802654266,22.375415802,0.0,0
0,-36,0,16,790,262144,14.3500709534,38.7051734924,0.0,0
0,-36,0,16,788,262144,11.9333553314,26.7616081238,0.0,0
0,-36,0,16,790,262144,12.1007184982,21.2775611877,0.0,0
1,-36,0,16,787,262144,0.968632638454,25.8353443146,0.0,0
1,-36,0,16,789,262144,-1.48884224892,20.776052475,0.0,0
1,-36,0,16,789,262144,-1.58522129059,15.6859903336,0.0,0
1,-36,0,16,788,262144,2.74765300751,29.3587055206,0.0,0
1,-36,0,16,792,262144,1.29049563408,25.9234714508,0.0,0
0,-36,0,16,795,262144,0.799764931202,16.298789978,0.0,0
0,-35,0,16,795,262144,0.0984742939472,11.0185575485,0.0,0
0,-35,0,16,795,262144,-1.8697385788,13.9200153351,0.0,0
0,-35,0,16,793,262144,6.23406505585,10.963259697,0.0,0
0,-35,0,16,796,262144,0.275212049484,13.4342317581,0.0,0
0,-35,0,16,797,262144,3.28702068329,15.5016965866,0.0,0
0,-35,0,16,797,262144,-0.675911188126,22.1596431732,0.0,0
0,-35,0,16,798,262144,2.19619894028,11.477473259,0.0,0
0,-35,0,16,791,262144,-1.77615809441,10.9916362762,0.0,0
0,-35,0,16,793,262144,6.11840105057,24.6118011475,0.0,0
0,-35,0,16,803,262144,12.7877492905,18.4432945251,0.0,0
0,-35,0,16,801,262144,2.98117280006,14.5008821487,0.0,0
0,-34,0,16,808,262144,9.59107494354,12.3575363159,0.0,0
0,-35,0,16,810,262144,7.62470960617,22.7464885712,0.0,0
0,-35,0,16,808,262144,8.94300460815,12.4904985428,0.0,0
0,-35,0,16,809,262144,5.53973674774,17.2165641785,0.0,0
0,-34,0,16,807,262144,5.60814809799,20.2541255951,0.0,0
0,-34,0,16,797,262144,6.96743679047,18.4502906799,0.0,0
0,-34,0,16,808,262144,7.79314422607,18.4770832062,0.0,0
0,-34,0,16,807,262144,-0.60161948204,25.1866550446,0.0,0
0,-34,0,16,816,262144,4.71906900406,27.414182663,0.0,0
0,-34,0,16,817,262144,2.54653429985,28.1157360077,0.0,0
0,-34,0,16,812,262144,12.7184066772,21.2666149139,0.0,0
0,-34,0,16,816,262144,14.6426181793,22.1062202454,0.0,0
0,-34,0,16,819,262144,22.6969547272,19.0129146576,0.0,0
0,-34,0,16,814,262144,22.1385307312,18.7213668823,0.0,0
0,-34,0,16,813,262144,15.6539382935,16.0624542236,0.0,0
0,-34,0,16,809,262144,15.7816667557,24.6850013733,0.0,0
0,-34,0,16,809,262144,27.2046928406,16.2320270538,0.0,0
0,-33,0,16,804,262144,23.9370727539,13.6887741089,0.0,0
0,-33,0,16,798,262144,14.385181427,20.9780597687,0.0,0
0,-33,0,16,804,262144,9.8618927002,24.1498317719,0.0,0
0,-33,0,16,805,262144,4.28356456757,22.4266223907,0.0,0
0,-33,0,16,801,262144,6.9141497612,17.4946365356,0.0,0
0,-33,0,16,802,262144,4.02522039413,30.0837974548,0.0,0
0,-33,0,16,800,262144,3.50207424164,26.9493865967,0.0,0
0,-33,0,16,801,262144,6.89773845673,21.1744346619,0.0,0
0,-33,0,16,805,262144,3.71876001358,21.7781543732,0.0,0
0,-33,0,16,806,262144,11.0902853012,26.2583942413,0.0,0
0,-33,0,16,814,262144,7.25062656403,24.1484050751,0.0,0
0,-33,0,16,812,262144,0.348630785942,12.4394388199,0.0,0
0,-33,0,16,805,262144,11.6358680725,5.87070846558,0.0,0
0,-33,0,16,806,262144,7.74633741379,13.7007045746,0.0,0
0,-33,0,16,801,262144,5.90013551712,15.6121339798,0.0,0
0,-33,0,16,806,262144,11.0043992996,9.72908973694,0.0,0
0,-33,0,16,801,262144,13.2549085617,8.20025062561,0.0,0
0,-33,0,16,799,262144,16.191986084,14.982126236,0.0,0
0,-33,0,16,795,262144,10.5360240936,13.4460201263,0.0,0
0,-33,0,16,801,262144,7.74184465408,17.2891921997,0.0,0
-1,-33,0,16,789,262144,2.17229342461,18.0035591125,0.0,0
-1,-33,0,16,775,262144,20.9453639984,0.381446838379,0.0,0
-1,-33,0,16,761,262144,30.5651550293,6.38163375854,0.0,1
-1,-33,0,16,730,262144,4.32831668854,3.19692111015,0.0,1
-1,-33,0,16,725,262144,-3.5613694191,1.28569078445,0.0,1
-2,-34,0,16,724,262144,-6.66436004639,-5.64955759048,0.0,1
-2,-34,0,16,724,262144,1.46761977673,-3.92728614807,0.0,1
-2,-34,0,16,722,262144,3.19040107727,-11.2220859528,0.0,0
-2,-34,0,16,721,262144,-14.7749376297,8.21796607971,0.0,0
-2,-34,0,16,722,262144,7.29320478439,5.47110652924,0.0,0
-2,-33,0,16,717,262144,5.84471321106,9.64492797852,0.0,0
-2,-34,0,16,712,262144,28.4697780609,11.4765377045,0.0,0
-2,-33,0,16,707,262144,27.596654892,15.3195085526,0.0,0
-2,-34,0,16,702,262144,32.0462722778,3.9651389122,0.0,0
-2,-34,0,16,697,262144,20.480140686,7.20624542236,0.0,0
-2,-33,0,16,695,262144,7.86492013931,11.025850296,0.0,0
-2,-34,0,16,688,262144,15.4748945236,9.36162567139,0.0,0
-2,-34,0,16,683,262144,15.4552793503,15.7512550354,0.0,0
-1,-33,0,16,679,262144,17.7399044037,29.0688285828,0.0,0
-1,-33,0,16,675,262144,19.8054161072,31.8225021362,0.0,0
-1,-33,0,15,669,262144,8.66840934753,10.937538147,0.0,0
-1,-33,0,15,667,262144,6.01776361465,-2.27737188339,0.0,0
-1,-33,0,15,669,262144,0.375821530819,2.00279736519,0.0,0
-1,-33,0,15,670,262144,1.92122173309,5.09755516052,0.0,0
-1,-33,0,15,674,262144,5.79824638367,4.90795135498,0.0,0
-1,-34,0,15,676,262144,7.54055738449,-3.82810211182,0.0,0
-1,-34,0,15,682,262144,1.60100460052,-3.22502541542,0.0,0
-1,-34,0,15,683,262144,7.35777902603,4.27904033661,0.0,0
-1,-34,0,15,684,262144,8.29594993591,5.07267332077,0.0,0
-1,-34,0,15,684,262144,15.6790876389,16.8596382141,0.0,0
-1,-34,0,15,684,262144,19.2020645142,20.8817615509,0.0,0
-1,-34,0,15,682,262144,21.2623825073,17.5440254211,0.0,0
-1,-34,0,15,680,262144,24.1585636139,18.8037166595,0.0,0
-1,-34,0,15,679,262144,24.748418808,16.6104068756,0.0,0
-1,-34,0,15,679,262144,16.3852939606,19.586517334,0.0,0
0,-34,0,15,678,262144,16.7473716736,13.9507188797,0.0,0
0,-34,0,14,677,262144,16.2008934021,12.8539876938,0.0,0
0,-34,0,14,675,262144,12.7447433472,13.1416339874,0.0,0
0,-34,0,14,671,262144,23.9271125793,6.5742688179,0.0,0
0,-34,0,14,676,262144,16.9206829071,9.55601882935,0.0,0
0,-34,0,14,677,262144,22.8759822845,6.84084796906,0.0,0
0,-34,0,14,671,262144,11.2343521118,2.03777885437,0.0,0
-1,-34,0,14,667,262144,6.50926923752,5.38381671906,0.0,0
-1,-34,0,14,665,262144,-0.524502158165,9.26978778839,0.0,0
-1,-34,0,14,669,262144,1.36936104298,6.83784008026,0.0,0
-1,-34,0,14,670,262144,-2.0833337307,3.41551542282,0.0,0
-1,-34,0,14,672,262144,4.54704332352,6.27415800095,0.0,0
-1,-34,0,14,676,262144,3.94411182404,21.4968013763,0.0,0
-1,-34,0,14,680,262144,1.81181979179,16.3456172943,0.0,0
-1,-34,0,14,685,262144,10.1214437485,18.517873764,0.0,0
-1,-34,0,14,692,262144,9.59420013428,12.6195831299,0.0,0
-1,-34,0,13,694,262144,13.6931772232,17.4624176025,0.0,0
0,-34,0,13,702,262144,15.9334955215,12.4661312103,0.0,0
0,-34,0,13,702,262144,24.3523769379,16.7139549255,0.0,0
0,-34,0,13,698,262144,16.8751468658,11.9636993408,0.0,0
0,-34,0,13,699,262144,18.8879127502,15.5550298691,0.0,0
0,-34,0,13,702,262144,15.8255290985,14.9873361588,0.0,0
-1,-34,0,13,705,262144,12.1977920532,9.76806354523,0.0,0
-1,-33,0,13,710,262144,14.4744272232,6.11167860031,0.0,0
-1,-33,0,13,714,262144,12.0556278229,8.84283447266,0.0,0
-1,-34,0,13,718,262144,6.62610816956,10.3854265213,0.0,0
0,-34,0,13,715,262144,-4.02463340759,14.8604307175,0.0,0
-1,-34,0,13,719,262144,4.97218513489,12.5382852554,0.0,1
-1,-34,0,13,723,262144,-4.55505275726,12.0485506058,0.0,1
-1,-34,0,13,730,262144,-6.9139585495,12.1277713776,0.0,1
-1,-34,0,13,735,262144,-15.8584003448,10.6659555435,0.0,1
-1,-33,0,13,738,262144,-7.17448997498,3.31319618225,0.0,1
-1,-33,0,11,743,262144,-2.3451461792,15.6574792862,0.0,1
-1,-33,0,11,746,262144,5.34248924255,10.7831258774,0.0,1
-1,-33,0,11,746,262144,5.03517436981,10.6637868881,0.0,1
-1,-33,0,11,749,262144,0.421713709831,17.4259395599,0.0,1
-1,-33,0,11,749,262144,-6.43593406677,5.0720038414,0.0,1
-1,-32,0,11,750,262144,0.883118569851,0.403894692659,0.0,1
-1,-32,0,11,750,262144,10.6206083298,5.13140201569,0.0,0
-1,-33,0,11,756,262144,5.59393310547,12.4821367264,0.0,0
-1,-33,0,11,756,262144,6.57600212097,17.003484726,0.0,0
-1,-32,0,11,754,262144,10.1218986511,10.9049606323,0.0,0
-1,-32,0,11,753,262144,13.2233181,3.58170413971,0.0,0
-1,-32,0,11,751,262144,18.6441307068,-0.834435224533,0.0,0
-1,-32,0,11,746,262144,7.22971630096,-0.543117523193,0.0,0
-1,-32,0,11,747,262144,3.80652284622,4.72247552872,0.0,0
-1,-32,0,11,744,262144,4.93353176117,1.60202360153,0.0,0
-2,-32,0,11,748,262144,6.14308643341,-1.39066910744,0.0,0
-1,-32,0,11,748,262144,13.358502388,12.6903381348,0.0,1
-1,-32,0,11,743,262144,13.4228000641,25.5893955231,0.0,1
-1,-33,0,11,737,262144,12.0265188217,18.9057025909,0.0,1
-1,-32,0,11,731,262144,-0.747287034988,20.0351753235,0.0,2
-1,-32,0,11,718,262144,2.96779918671,9.3677110672,0.0,2
-1,-32,0,11,713,262144,-1.5602247715,9.91676998138,0.0,2
-1,-32,0,11,721,262144,-3.21394944191,1.28159213066,0.0,3
-1,-32,0,11,718,262144,-5.35153150558,13.9089479446,0.0,3
-1,-32,0,11,725,262144,-9.59366512299,10.2555799484,0.0,3
-1,-31,0,11,725,262144,-12.9908866882,0.751544952393,0.0,2
-1,-31,0,11,731,262144,-13.9768180847,-11.2357940674,0.0,2
-1,-31,0,11,731,262144,-2.39015316963,-6.14689254761,0.0,2
-2,-31,0,11,736,262144,4.8340420723,-6.1269235611,0.0,1
-1,-31,0,11,738,262144,3.13240432739,-2.19728684425,0.0,1
-1,-31,0,11,738,262144,1.61459553242,3.46897268295,0.0,0
-1,-31,0,11,738,262144,4.55970907211,0.354989171028,0.0,0
-2,-31,0,11,736,262144,12.9478025436,-11.1817417145,0.0,0
-2,-31,0,11,734,262144,8.55557537079,-5.18133926392,0.0,0
-2,-30,0,11,731,262144,3.73016166687,-13.1417531967,0.0,0
-2,-31,0,11,726,262144,13.8502426147,-8.39123344421,0.0,0
-2,-30,0,11,715,262144,7.06816101074,0.571391284466,0.0,0
-2,-30,0,11,706,262144,0.572862029076,-5.18498706818,0.0,0
-2,-30,0,11,698,262144,-4.37017250061,-8.79445838928,0.0,0
-2,-30,0,11,694,262144,9.56498622894,-1.13481974602,0.0,0
-2,-30,0,11,688,262144,0.0247578173876,7.49716043472,0.0,0
-2,-30,0,11,677,262144,10.1809234619,-3.65507936478,0.0,0
-2,-30,0,11,672,262144,19.6633720398,12.6775770187,0.0,0
-2,-31,0,11,685,262144,21.79454422,-1.94206058979,0.0,0
-2,-31,0,11,685,262144,21.0615577698,-1.72929728031,0.0,0
-2,-31,0,11,684,262144,-0.360050976276,0.368574976921,0.0,0
-2,-31,0,11,684,262144,10.0302648544,-4.0750451088,0.0,1
-2,-31,0,11,675,262144,16.2266407013,-5.62506437302,0.0,1
-2,-31,0,11,663,262144,18.548614502,-7.67599964142,0.0,1
-2,-31,0,11,664,262144,10.662694931,-6.45469284058,0.0,1
-2,-31,0,11,654,262144,7.45784425735,4.9708776474,0.0,1
-2,-31,0,11,654,262144,1.42902183533,4.21569347382,0.0,1
-2,-31,0,11,656,262144,3.39208388329,6.34400558472,0.0,1
-2,-31,0,11,660,262144,-1.25040078163,9.4914894104,0.0,1
-2,-30,0,11,660,262144,-2.15123176575,-9.67600917816,0.0,1
-2,-30,0,11,659,262144,-5.46859455109,0.624051809311,0.0,1
-2,-30,0,11,659,262144,4.67183589935,-4.03877496719,0.0,1
-2,-30,0,11,659,262144,7.19529485703,2.383436203,0.0,0
-2,-30,0,11,660,262144,2.2683494091,0.155165970325,0.0,1
-2,-30,0,11,656,262144,11.8590049744,9.30952167511,0.0,1
-2,-30,0,11,652,262144,12.5857582092,9.82850551605,0.0,1
-2,-30,0,11,643,262144,19.7704544067,-3.40829563141,0.0,1
-2,-30,0,11,638,262144,24.8583393097,1.49007034302,0.0,1
-2,-30,0,11,644,262144,28.8418769836,9.69575309753,0.0,1
-1,-30,0,11,640,262144,26.5618743896,1.03706812859,0.0,1
-2,-30,0,11,636,262144,29.0135879517,7.90368461609,0.0,1
-1,-30,0,11,631,262144,16.578245163,4.78163957596,0.0,1
-1,-30,0,11,635,262144,14.1309976578,3.39869737625,0.0,1
-1,-30,0,11,630,262144,18.0111789703,9.42472267151,0.0,1
-1,-30,0,11,626,262144,27.8408584595,4.16089344025,0.0,1
-1,-30,0,11,625,262144,1.4518481493,-2.46776199341,0.0,1
-1,-30,0,11,627,262144,-14.1550636292,0.48851442337,0.0,1
-1,-30,0,11,636,262144,-41.9421386719,-5.40828800201,0.0,2
-1,-30,0,11,645,262144,-54.6802558899,7.85495233536,0.0,2
-1,-31,0,11,659,262144,-49.5050468445,25.6256160736,0.0,2
-1,-31,0,11,671,262144,-42.4492454529,32.1956748962,0.0,2
0,-31,0,11,684,262144,-26.615020752,20.5091152191,0.0,3
-1,-31,0,11,691,262144,-29.6050281525,16.5940475464,0.0,2
-1,-30,0,11,699,262144,-23.4717388153,3.80451965332,0.0,2
-1,-30,0,11,728,262144,-20.093624115,-8.54044151306,0.0,2
-1,-29,0,11,741,262144,-13.3131313324,-15.7711277008,0.0,1
0,-20,0,4,473,262144,18.1976661682,24.6848697662,0.0,0
0,-21,0,4,475,262144,3.72138547897,31.8996734619,0.0,1
0,-21,0,4,474,262144,-5.28608608246,33.5888748169,0.0,1
0,-21,0,4,463,589824,3.2027733326,34.5578269958,0.0,0
0,-22,0,4,429,589824,26.9090881348,17.7835350037,0.0,0
0,-23,0,4,332,589824,48.5930175781,0.732887268066,0.0,0
0,-22,0,4,294,589824,34.4926261902,-13.5119447708,0.0,0
0,-22,0,4,245,589824,18.5456924438,1.76738882065,0.0,0
0,-23,0,4,199,589824,11.5718727112,23.1808872223,0.0,-1
0,-23,0,4,176,589824,-2.40729045868,48.9552345276,0.0,-1
0,-22,0,4,128,589824,-10.8138980865,55.7262496948,0.0,-1
1,-22,0,4,81,589824,-13.0365028381,44.5218696594,0.0,-1
1,-22,0,4,34,589824,-1.00404167175,38.0772972107,0.0,-1
2,-22,0,4,4294967287,589824,6.9604010582,57.1171035767,0.0,0
3,-23,0,4,4294967243,589824,13.2568492889,66.7747268677,0.0,0
4,-23,0,4,4294967201,589824,11.6590166092,58.3976631165,0.0,0
5,-23,0,4,4294967154,589824,-5.44626426697,55.7169342041,0.0,0
5,-22,0,4,4294967126,589824,-15.6365823746,22.0456619263,0.0,0
5,-21,0,4,4294967103,589824,-14.1087179184,-10.205078125,0.0,0
5,-21,0,4,4294967076,589824,-2.97537565231,-30.950717926,0.0,0
5,-21,0,4,4294967069,589824,4.24100780487,-31.1553039551,0.0,0
5,-21,0,4,4294967054,589824,10.5597114563,-15.9477119446,0.0,0
5,-21,0,4,4294967023,589824,11.2452135086,-15.1587486267,0.0,0
5,-21,0,4,4294966978,589824,32.0975799561,-23.2306480408,0.0,1
5,-21,0,4,4294966932,589824,18.8139896393,-23.3990478516,0.0,1
5,-21,0,4,4294966884,589824,16.8910560608,-30.1059379578,0.0,0
5,-21,0,4,4294966844,589824,23.3753108978,-20.0407218933,0.0,0
5,-21,0,4,4294966830,589824,36.6261367798,4.73776245117,0.0,0
5,-21,0,4,4294966800,589824,33.4077301025,4.0401763916,0.0,0
5,-21,0,4,4294966753,589824,32.4084625244,-1.21295166016,0.0,0
6,-20,0,4,4294966705,589824,25.8662776947,4.62482452393,0.0,1
6,-20,0,4,4294966659,589824,29.3781738281,-5.02089691162,0.0,2
6,-20,0,4,4294966628,589824,33.0439987183,22.431892395,0.0,2
6,-19,0,4,4294966597,589824,6.01419258118,5.13387298584,0.0,2
5,-19,0,4,4294966550,589824,14.5071353912,-12.7839584351,0.0,1
5,-18,0,4,4294966569,589824,-15.8971347809,27.1245651245,0.0,2
5,-17,0,4,4294966548,589824,-11.1203651428,35.7657394409,0.0,2
5,-17,0,4,4294966534,589824,-32.4760665894,28.3895797729,0.0,1
5,-16,0,4,4294966516,589824,-24.2495880127,15.4930725098,0.0,2
5,-16,0,4,4294966528,589824,-5.9011592865,14.0508422852,0.0,1
5,-16,0,4,4294966536,589824,29.310710907,-0.527267456055,0.0,1
5,-16,0,4,4294966517,589824,39.7299728394,-18.5531196594,0.0,0
5,-16,0,4,4294966491,589824,46.7852973938,-20.2502250671,0.0,0
5,-16,0,4,4294966478,589824,46.9829216003,1.73821258545,0.0,0
5,-15,0,4,4294966450,589824,51.5210800171,16.9566726685,0.0,0
6,-14,0,4,4294966452,589824,41.8114624023,11.536857605,0.0,0
6,-13,0,4,4294966423,589824,41.7057876587,-27.1231613159,0.0,-1
5,-13,0,4,4294966424,589824,42.0556983948,-38.919418335,0.0,-2
5,-13,0,4,4294966426,589824,37.662979126,-29.5925674438,0.0,-2
5,-12,0,4,4294966404,589824,32.2188796997,-31.2217292786,0.0,-2
5,-12,0,4,4294966410,589824,20.0996589661,-28.3644790649,0.0,-2
4,-11,0,4,4294966416,589824,6.38798904419,-31.7638206482,0.0,-2
4,-11,0,4,4294966395,589824,12.5710678101,-34.5813446045,0.0,-2
4,-10,0,4,4294966378,589824,9.18994522095,-38.3786048889,0.0,-2
3,-8,0,4,4294966330,589824,10.4244670868,-32.0604934692,0.0,-2
3,-8,0,4,4294966381,589824,12.8565101624,-29.2356872559,0.0,-1
3,-7,0,4,4294966411,589824,33.3384246826,-11.5240097046,0.0,-1
3,-7,0,4,4294966396,589824,37.7918624878,-5.26719284058,0.0,-1
2,-6,0,4,4294966428,589824,41.4531326294,-34.9355278015,0.0,-1
2,-7,0,4,4294966423,589824,32.8647537231,-36.6849746704,0.0,-1
2,-7,0,4,4294966373,589824,41.5008773804,4.19896316528,0.0,-1
2,-8,0,4,4294966344,589824,32.8378639221,19.0661010742,0.0,0
2,-8,0,4,4294966295,589824,1.0992193222,-6.12070846558,0.0,0
2,-8,0,4,4294966270,589824,-20.3294830322,-5.44439506531,0.0,0
2,-8,0,4,4294966223,589824,-19.462184906,-6.26484870911,0.0,0
2,-8,0,4,4294966176,589824,-20.8846664429,32.3645858765,0.0,0
2,-8,0,4,4294966129,589824,-8.34215354919,39.0781898499,0.0,1
2,-8,0,4,4294966125,589824,-9.31289100647,10.6156921387,0.0,1
2,-9,0,4,4294966078,589824,-2.40775489807,9.61008071899,0.0,1
2,-8,0,4,4294966029,589824,19.188577652,-3.95607757568,0.0,1
1,-8,0,4,4294965991,589824,7.3339176178,-7.63622093201,0.0,1
1,-8,0,4,4294965971,589824,12.3648424149,19.0851860046,0.0,1
1,-8,0,4,4294965941,589824,32.4214248657,-2.49734020233,0.0,1
0,-8,0,4,4294965901,589824,32.4244880676,-18.0078926086,0.0,0
0,-9,0,4,4294965875,589824,27.966381073,-10.8598518372,0.0,0
0,-9,0,4,4294965844,589824,2.0021469593,-6.66519212723,0.0,0
0,-11,0,4,4294965834,589824,8.49790382385,15.2702569962,0.0,0
0,-13,0,4,4294965788,589824,0.685647964478,29.7795028687,0.0,-1
1,-15,0,4,4294965742,589824,-2.02338695526,75.0873260498,0.0,0
1,-15,0,4,4294965699,589824,-34.5130310059,83.0480194092,0.0,0
2,-15,0,4,4294965659,589824,-59.2589035034,75.5543518066,0.0,0
2,-13,0,4,4294965621,589824,-45.3197059631,24.9646720886,0.0,-1
2,-11,0,4,4294965604,589824,-16.6456184387,1.28688812256,0.0,-2
2,-6,0,4,4294965574,589824,-58.222984314,-2.61103248596,0.0,-5
1,-1,0,4,4294965559,589824,-76.8119659424,-3.58947563171,0.0,-6
1,2,0,4,4294965531,589824,-63.9398498535,9.084608078,0.0,-6
1,5,0,3,4294965528,589824,-64.903717041,35.5550918579,0.0,-7
0,9,0,3,4294965535,589824,-46.4781303406,37.6522712708,0.0,-6
0,14,0,3,4294965517,589824,-45.4460525513,42.3635025024,0.0,-6
-1,18,0,3,4294965524,589824,-26.310508728,47.3331298828,0.0,-6
-2,21,0,3,4294965548,589824,11.3047637939,66.6311645508,0.0,-6
-1,22,0,3,4294965503,589824,34.2839355469,93.5399246216,0.0,-6
-1,23,0,3,4294965460,589824,39.4996643066,82.2099914551,0.0,-6
-1,24,0,3,4294965408,589824,-10.7724304199,45.6981277466,0.0,-6
0,25,0,3,4294965355,589824,-26.7046737671,13.2455844879,0.0,-6
0,25,0,3,4294965371,589824,-25.0986671448,-17.3524246216,0.0,-7
-1,26,0,3,4294965323,589824,-36.2510147095,11.0181102753,0.0,-7
-1,28,0,3,4294965333,589824,-45.4586029053,29.5867824554,0.0,-8
-2,30,0,3,4294965354,589824,-44.3515663147,20.0309486389,0.0,-8
-2,30,0,3,4294965306,589824,-45.7188415527,6.78812408447,0.0,-7
-2,30,0,3,4294965260,589824,-30.0411224365,28.3178977966,0.0,-7
-2,31,0,3,4294965224,589824,-20.465965271,-4.09029388428,0.0,-7
-3,33,0,3,4294965186,589824,-49.8614654541,17.0490531921,0.0,-8
-4,35,0,3,4294965165,589824,-45.6323204041,28.9476318359,0.0,-8
-5,35,0,3,4294965139,589824,-47.9794235229,25.2370681763,0.0,-8
-4,35,0,3,4294965133,589824,-42.0133895874,35.1832733154,0.0,-8
-4,35,0,3,4294965081,589824,-51.8413696289,34.7412338257,0.0,-8
-5,36,0,3,4294965029,589824,-61.4096679688,42.710647583,0.0,-8
-5,36,0,3,4294964976,589824,-65.4452514648,38.9333953857,0.0,-9
-4,34,0,3,4294964924,589824,-47.6477813721,25.1225891113,0.0,-9
-2,33,0,3,4294964872,589824,-38.7091369629,2.72415542603,0.0,-9
-1,32,0,3,4294964819,589824,-61.5993423462,-18.999546051,0.0,-9
-1,31,0,3,4294964767,589824,-66.3669128418,-29.6187286377,0.0,-8
0,31,0,3,4294964851,589824,-28.692905426,-30.8442573547,0.0,-8
0,31,0,3,4294964897,589824,-8.32902526855,-29.4130859375,0.0,-7
0,31,0,3,4294964854,589824,-0.637596130371,-14.8692827225,0.0,-7
0,32,0,3,4294964806,589824,2.4967956543,20.6175689697,0.0,-7
1,35,0,3,4294964763,589824,64.2755126953,56.6520385742,0.0,-6
2,39,0,3,4294964731,589824,161.231811523,94.2481994629,0.0,-7
1,44,0,3,4294964692,589824,141.392272949,71.5390625,0.0,-9
2,50,0,3,4294964653,589824,166.381484985,115.951820374,0.0,-10
2,57,0,3,4294964621,589824,129.516479492,87.8059387207,0.0,-10
0,63,0,3,4294964592,589824,101.259307861,66.3116531372,0.0,-9
-1,70,0,3,4294964565,589824,108.885848999,68.4640731812,0.0,-7
-1,77,0,3,4294964545,589824,170.877059937,47.7193908691,0.0,-6
0,84,0,3,4294964528,589824,255.73248291,57.5157699585,0.0,-6
0,91,0,3,4294964517,589824,306.004730225,65.3428955078,0.0,-6
0,98,0,3,4294964516,589824,319.067962646,136.104492188,0.0,-7
0,105,0,3,4294964506,589824,315.026580811,156.263442993,0.0,-6
-1,113,0,3,4294964505,589824,323.065185547,150.561340332,0.0,-4
-1,118,0,3,4294964533,589824,316.217163086,194.290527344,0.0,-3
-1,121,0,3,4294964520,589824,270.16796875,278.276916504,0.0,-2
-2,122,0,3,4294964489,589824,276.478393555,234.836837769,0.0,-1
-2,124,0,3,4294964461,589824,268.346313477,195.632049561,0.0,0
-2,127,0,3,4294964445,589824,254.165084839,248.419647217,0.0,0
-2,129,0,3,4294964433,589824,238.137893677,225.880599976,0.0,0
-2,131,0,3,4294964406,589824,201.479370117,159.39276123,0.0,0
-1,131,0,3,4294964356,589824,152.571121216,115.619049072,0.0,0
-1,130,0,3,4294964304,589824,109.216217041,73.9200439453,0.0,-1
0,132,0,3,4294964264,589824,98.3467407227,34.7368240356,0.0,-3
0,134,0,3,4294964239,589824,79.5567626953,-13.4688091278,0.0,-4
1,134,0,3,4294964195,589824,107.744796753,-13.8342380524,0.0,-3
3,133,0,3,4294964157,589824,50.7378349304,-39.3940505981,0.0,-2
3,135,0,3,4294964146,589824,13.0246047974,-41.0935249329,0.0,-1
2,138,0,3,4294964123,589824,-5.43734264374,-49.8526306152,0.0,-1
2,138,0,3,4294964092,589824,58.6535606384,-48.5688743591,0.0,0
3,136,0,3,4294964096,589824,40.016708374,-52.9961090088,0.0,0
2,137,0,3,4294964073,589824,26.8851280212,-52.2669830322,0.0,0
1,139,0,3,4294964073,589824,-13.1949806213,-48.2591552734,0.0,0
1,140,0,3,4294964050,589824,-31.8824558258,-42.985458374,0.0,0
1,140,0,3,4294964004,589824,9.95730686188,-45.8078079224,0.0,0
2,140,0,3,4294963961,589824,30.9351272583,-32.226776123,0.0,0
2,139,0,3,4294963911,589824,50.1214981079,-47.2547683716,0.0,0
2,140,0,3,4294963859,589824,13.020401001,-28.3266811371,0.0,0
1,141,0,3,4294963807,589824,14.4791927338,-16.5443744659,0.0,0
2,142,0,3,4294963755,589824,18.0552520752,-10.4192962646,0.0,0
3,141,0,3,4294963702,589824,7.43015909195,-40.296333313,0.0,0
0,0,0,61,0,131072,0.0,0.0,0.0,0
0,0,0,61,0,131072,0.0,0.0,0.0,0
0,0,0,61,0,131072,0.0,0.0,0.0,0
0,0,0,61,0,131072,0.0,0.0,0.0,0
0,0,0,61,0,131072,0.0,0.0,0.0,0
0,0,0,61,0,131072,0.0,0.0,0.0,0
0,0,0,61,0,131072,0.0,0.0,0.0,0
0,0,0,61,0,131072,0.0,0.0,0.0,0
0,0,0,61,0,131072,0.0,0.0,0.0,0
0,0,0,61,0,131072,0.0,0.0,0.0,0
0,0,0,61,0,131072,0.0,0.0,0.0,0
0,0,0,61,0,131072,0.0,0.0,0.0,0
0,0,0,61,0,131072,0.0,0.0,0.0,0
0,0,0,61,0,131072,0.0,0.0,0.0,0
0,0,0,61,0,131072,0.0,0.0,0.0,0
0,0,0,61,0,131072,0.0,0.0,0.0,0
0,0,0,61,0,131072,0.0,0.0,0.0,0
0,0,0,61,0,131072,0.0,0.0,0.0,0
0,0,0,61,0,131072,0.0,0.0,0.0,0
0,0,0,61,0,131072,0.0,0.0,0.0,0
0,0,0,61,0,131072,0.0,0.0,0.0,0
0,0,0,61,0,131072,0.0,0.0,0.0,0
0,0,0,61,0,131072,0.0,0.0,0.0,0
0,0,0,61,0,131072,0.0,0.0,0.0,0
0,0,0,61,0,131072,0.0,0.0,0.0,0
0,0,0,61,0,131072,0.0,0.0,0.0,0
0,0,0,61,0,131072,0.0,0.0,0.0,0
0,0,0,61,0,131072,0.0,0.0,0.0,0
0,0,0,61,0,131072,0.0,0.0,0.0,0
0,0,0,61,0,131072,0.0,0.0,0.0,0
0,0,0,61,0,131072,0.0,0.0,0.0,0
0,0,0,61,0,131072,0.0,0.0,0.0,0
0,0,0,61,0,131072,0.0,0.0,0.0,0
0,0,0,61,0,131072,0.0,0.0,0.0,0
0,0,0,61,0,131072,0.0,0.0,0.0,0
0,0,0,61,0,131072,0.0,0.0,0.0,0
0,0,0,61,0,131072,0.0,0.0,0.0,0
0,0,0,61,0,131072,0.0,0.0,0.0,0
0,0,0,61,0,131072,0.0,0.0,0.0,0
0,0,0,61,0,131072,0.0,0.0,0.0,0
0,0,0,61,0,131072,0.0,0.0,0.0,0
0,0,0,61,0,131072,0.0,0.0,0.0,0
0,0,0,61,0,131072,0.0,0.0,0.0,0
0,0,0,61,0,131072,0.0,0.0,0.0,0
0,0,0,61,0,131072,0.0,0.0,0.0,0
0,0,0,61,0,131072,0.0,0.0,0.0,0
0,0,0,61,0,131072,0.0,0.0,0.0,0
0,0,0,61,0,131072,0.0,0.0,0.0,0
0,0,0,61,0,131072,0.0,0.0,0.0,0
0,0,0,61,0,131072,0.0,0.0,0.0,0
